-0.028107
-0.028137
-0.022217
-0.019302
-0.026367
-0.044327
-0.065186
-0.095276
-0.119843
-0.137177
-0.147797
-0.150772
-0.147171
-0.134735
-0.129929
-0.134201
-0.147339
-0.167038
-0.178665
-0.179871
-0.177383
-0.162506
-0.142166
-0.121353
-0.112167
-0.111160
-0.113495
-0.126404
-0.131607
-0.127380
-0.115875
-0.096237
-0.079376
-0.074600
-0.075012
-0.084045
-0.103592
-0.121567
-0.129669
-0.129852
-0.124496
-0.113205
-0.111298
-0.117462
-0.132339
-0.154251
-0.169327
-0.172546
-0.172272
-0.162033
-0.142929
-0.128265
-0.124374
-0.125641
-0.136444
-0.149658
-0.152054
-0.146896
-0.133331
-0.111832
-0.095901
-0.089081
-0.089081
-0.096054
-0.113510
-0.127090
-0.128189
-0.125214
-0.112976
-0.097977
-0.094299
-0.097214
-0.108994
-0.127182
-0.127823
-0.145233
-0.150772
-0.150558
-0.139145
-0.124649
-0.111969
-0.110779
-0.114624
-0.124985
-0.146439
-0.157684
-0.157974
-0.151581
-0.138840
-0.119141
-0.113922
-0.114075
-0.119080
-0.138565
-0.149292
-0.153107
-0.148590
-0.137833
-0.115753
-0.107544
-0.105042
-0.107010
-0.122421
-0.135712
-0.144608
-0.142151
-0.135361
-0.114883
-0.107727
-0.106445
-0.110275
-0.127777
-0.141434
-0.152481
-0.152496
-0.146179
-0.125473
-0.114944
-0.111542
-0.112305
-0.125275
-0.140228
-0.155533
-0.157852
-0.154999
-0.138153
-0.124695
-0.116074
-0.116226
-0.124481
-0.137466
-0.154785
-0.158264
-0.155975
-0.147369
-0.124878
-0.109497
-0.106781
-0.107956
-0.115814
-0.135117
-0.142334
-0.141785
-0.137299
-0.119034
-0.103836
-0.102188
-0.105179
-0.114990
-0.135452
-0.143875
-0.145325
-0.142609
-0.125626
-0.111740
-0.102570
-0.103363
-0.109604
-0.130280
-0.141464
-0.146317
-0.145065
-0.133331
-0.118530
-0.104645
-0.103149
-0.106140
-0.123108
-0.136856
-0.146759
-0.146561
-0.139618
-0.126740
-0.108353
-0.103821
-0.104446
-0.116577
-0.131470
-0.145798
-0.147644
-0.144241
-0.134583
-0.113464
-0.105896
-0.104401
-0.107208
-0.124359
-0.143036
-0.148010
-0.147186
-0.140976
-0.120453
-0.109924
-0.105255
-0.105957
-0.118057
-0.139099
-0.147385
-0.149063
-0.146164
-0.128952
-0.115128
-0.106400
-0.106339
-0.113342
-0.131943
-0.139587
-0.138672
-0.134323
-0.116013
-0.100494
-0.089310
-0.088440
-0.093170
-0.104141
-0.126068
-0.133423
-0.132935
-0.125076
-0.111969
-0.100204
-0.099579
-0.106186
-0.117737
-0.140701
-0.153732
-0.154465
-0.151062
-0.139725
-0.121613
-0.117905
-0.119568
-0.127335
-0.148422
-0.161133
-0.167221
-0.165085
-0.155960
-0.134995
-0.127686
-0.127228
-0.131058
-0.149811
-0.163177
-0.172241
-0.170471
-0.162979
-0.141190
-0.128555
-0.123871
-0.124039
-0.134857
-0.146118
-0.151840
-0.149170
-0.136169
-0.111969
-0.097809
-0.087784
-0.087280
-0.092651
-0.104263
-0.123978
-0.127304
-0.125076
-0.112549
-0.098679
-0.092148
-0.093262
-0.104187
-0.118286
-0.139664
-0.145981
-0.146729
-0.143570
-0.124771
-0.113708
-0.113449
-0.119278
-0.130997
-0.150848
-0.156326
-0.155472
-0.149567
-0.128632
-0.108017
-0.100830
-0.099670
-0.102905
-0.120041
-0.134476
-0.144608
-0.144348
-0.138306
-0.125793
-0.115402
-0.117172
-0.123947
-0.144669
-0.156555
-0.162537
-0.161484
-0.149399
-0.134201
-0.114426
-0.108765
-0.108856
-0.118149
-0.130768
-0.139191
-0.137589
-0.127533
-0.114151
-0.093262
-0.086380
-0.085556
-0.094635
-0.108475
-0.128616
-0.133148
-0.132996
-0.127777
-0.110092
-0.105591
-0.107254
-0.120392
-0.135452
-0.151917
-0.154495
-0.152664
-0.143936
-0.121140
-0.109589
-0.102448
-0.102493
-0.111359
-0.133057
-0.143921
-0.148453
-0.147598
-0.134872
-0.122650
-0.117065
-0.118225
-0.130386
-0.151428
-0.160248
-0.161545
-0.158463
-0.140778
-0.124481
-0.111984
-0.110641
-0.112762
-0.122009
-0.141113
-0.146469
-0.144531
-0.133057
-0.118164
-0.103775
-0.102203
-0.105026
-0.114700
-0.135406
-0.145035
-0.144852
-0.137772
-0.124756
-0.106552
-0.101578
-0.102203
-0.108551
-0.128937
-0.140198
-0.144623
-0.141418
-0.131882
-0.110550
-0.102844
-0.101379
-0.104477
-0.120911
-0.134949
-0.144608
-0.143524
-0.137527
-0.116943
-0.105881
-0.101379
-0.102081
-0.113861
-0.128937
-0.143280
-0.144638
-0.141434
-0.124619
-0.110580
-0.101654
-0.101395
-0.108368
-0.120819
-0.140182
-0.144562
-0.143417
-0.131897
-0.117157
-0.108276
-0.108200
-0.115097
-0.127914
-0.146515
-0.151611
-0.150375
-0.144302
-0.123260
-0.109802
-0.108185
-0.110580
-0.120438
-0.141205
-0.149612
-0.151016
-0.148026
-0.130615
-0.112274
-0.108109
-0.108337
-0.114517
-0.135208
-0.146149
-0.151169
-0.149826
-0.137527
-0.122574
-0.109161
-0.107712
-0.109985
-0.126785
-0.140518
-0.150345
-0.150085
-0.142685
-0.129105
-0.110855
-0.106049
-0.106476
-0.117889
-0.131897
-0.142776
-0.142456
-0.135864
-0.123947
-0.104797
-0.100647
-0.101196
-0.113342
-0.128220
-0.142685
-0.144211
-0.141129
-0.131668
-0.110657
-0.102982
-0.101471
-0.108673
-0.121277
-0.140686
-0.145233
-0.144440
-0.138519
-0.117783
-0.107025
-0.102524
-0.103470
-0.115265
-0.136490
-0.144806
-0.146164
-0.143341
-0.126434
-0.112762
-0.103867
-0.103638
-0.110794
-0.131348
-0.142639
-0.147598
-0.146515
-0.134583
-0.119751
-0.108093
-0.107224
-0.111237
-0.122208
-0.144058
-0.155853
-0.156494
-0.151138
-0.138870
-0.121185
-0.117981
-0.119461
-0.127670
-0.146515
-0.154510
-0.153473
-0.143433
-0.128799
-0.108521
-0.102722
-0.102066
-0.105865
-0.124146
-0.134399
-0.137222
-0.131241
-0.120026
-0.097778
-0.089508
-0.087494
-0.090042
-0.105911
-0.119919
-0.128632
-0.126862
-0.121002
-0.100861
-0.093918
-0.093399
-0.098038
-0.116333
-0.133453
-0.150543
-0.154129
-0.153748
-0.140427
-0.126053
-0.117523
-0.117661
-0.125977
-0.138596
-0.150345
-0.150375
-0.143219
-0.122955
-0.107574
-0.094818
-0.093201
-0.096970
-0.106476
-0.128403
-0.136948
-0.138199
-0.135864
-0.119843
-0.109543
-0.109818
-0.118179
-0.130554
-0.153366
-0.162872
-0.164856
-0.163177
-0.146759
-0.125061
-0.118423
-0.117264
-0.120163
-0.137650
-0.147110
-0.149353
-0.145782
-0.129974
-0.114090
-0.098206
-0.095261
-0.096863
-0.110626
-0.124069
-0.131882
-0.130508
-0.121872
-0.108368
-0.095047
-0.094681
-0.099594
-0.118195
-0.133179
-0.145523
-0.146484
-0.143265
-0.131897
-0.113007
-0.107300
-0.107254
-0.117752
-0.132111
-0.145493
-0.146439
-0.142090
-0.131760
-0.109634
-0.101517
-0.099152
-0.104889
-0.116440
-0.137833
-0.143845
-0.143860
-0.139969
-0.121140
-0.111603
-0.109039
-0.110565
-0.125595
-0.146851
-0.155746
-0.157593
-0.154984
-0.137421
