-0.183456
-0.183777
-0.177109
-0.156647
-0.133575
-0.111145
-0.100586
-0.097275
-0.098602
-0.110641
-0.131485
-0.153366
-0.171844
-0.184998
-0.196442
-0.207718
-0.215805
-0.225021
-0.230637
-0.236389
-0.241653
-0.243408
-0.246170
-0.246613
-0.246277
-0.245270
-0.242523
-0.238129
-0.233643
-0.227783
-0.220657
-0.213715
-0.205353
-0.196793
-0.188171
-0.179092
-0.168106
-0.157074
-0.146133
-0.133057
-0.123749
-0.112991
-0.103134
-0.094696
-0.078720
-0.067459
-0.057327
-0.047333
-0.039108
-0.030655
-0.023621
-0.017838
-0.012192
-0.008591
-0.006165
-0.004822
-0.004730
-0.005295
-0.006531
-0.009735
-0.014145
-0.016342
-0.024445
-0.030838
-0.037033
-0.046753
-0.055054
-0.063904
-0.076859
-0.086243
-0.095886
-0.109756
-0.120193
-0.131195
-0.143433
-0.154022
-0.164215
-0.175430
-0.187286
-0.195633
-0.205856
-0.214340
-0.222107
-0.229782
-0.235123
-0.239807
-0.243393
-0.245392
-0.245941
-0.246155
-0.245438
-0.243958
-0.239517
-0.235336
-0.229996
-0.222748
-0.216873
-0.208344
-0.200638
-0.191254
-0.181488
-0.171951
-0.159790
-0.149475
-0.137146
-0.126892
-0.116135
-0.104034
-0.092209
-0.082184
-0.070282
-0.059219
-0.052277
-0.042740
-0.033188
-0.026062
-0.019180
-0.013275
-0.010071
-0.006058
-0.005325
-0.004883
-0.004913
-0.006119
-0.008636
-0.013199
-0.017105
-0.022369
-0.029480
-0.036621
-0.044769
-0.052765
-0.062027
-0.072601
-0.083344
-0.094162
-0.104675
-0.116257
-0.127731
-0.139389
-0.151260
-0.162643
-0.173874
-0.183807
-0.193130
-0.204132
-0.211349
-0.219849
-0.228134
-0.232086
-0.239441
-0.242065
-0.244080
-0.246643
-0.246628
-0.245895
-0.244461
-0.240891
-0.236282
-0.231812
-0.225433
-0.219833
-0.210449
-0.202850
-0.193573
-0.184692
-0.174088
-0.163330
-0.153595
-0.140961
-0.129364
-0.119675
-0.107727
-0.095917
-0.084915
-0.073013
-0.062912
-0.052597
-0.043961
-0.035263
-0.027451
-0.021103
-0.015137
-0.011749
-0.006561
-0.005646
-0.004868
-0.004868
-0.005966
-0.007431
-0.011826
-0.015488
-0.021347
-0.027634
-0.035294
-0.042191
-0.050842
-0.057877
-0.069214
-0.080994
-0.090591
-0.103424
-0.113235
-0.125015
-0.136475
-0.147354
-0.160660
-0.170456
-0.181229
-0.190796
-0.201019
-0.209991
-0.217667
-0.225967
-0.232162
-0.237595
-0.239777
-0.240326
-0.244003
-0.246719
-0.246613
-0.246628
-0.245209
-0.243179
-0.239243
-0.234695
-0.228043
-0.222809
-0.215088
-0.203720
-0.198502
-0.186722
-0.179489
-0.167892
-0.158035
-0.146317
-0.135513
-0.123077
-0.111740
-0.102875
-0.088547
-0.079971
-0.066559
-0.057236
-0.047882
-0.040558
-0.031235
-0.025345
-0.017654
-0.013031
-0.008194
-0.006287
-0.005325
-0.004990
-0.004929
-0.006622
-0.008621
-0.013763
-0.019318
-0.023300
-0.033112
-0.037903
-0.046463
-0.055511
-0.064438
-0.071976
-0.087509
-0.094604
-0.107620
-0.121262
-0.129898
-0.142456
-0.150925
-0.166412
-0.174591
-0.186234
-0.193466
-0.205200
-0.215256
-0.221451
-0.229584
-0.234238
-0.240021
-0.243057
-0.245209
-0.245712
-0.246140
-0.245789
-0.243835
-0.238922
-0.235550
-0.230637
-0.224380
-0.216766
-0.210632
-0.200989
-0.195724
-0.182220
-0.170563
-0.163910
-0.152771
-0.139954
-0.127228
-0.119492
-0.104919
-0.095642
-0.082428
-0.073196
-0.060181
-0.049423
-0.042404
-0.033020
-0.027390
-0.018738
-0.015793
-0.009628
-0.006989
-0.005646
-0.004303
-0.004639
-0.005432
-0.006973
-0.012451
-0.016449
-0.022171
-0.028076
-0.036453
-0.041153
-0.052475
-0.061630
-0.069366
-0.083160
-0.090927
-0.104797
-0.113251
-0.127197
-0.135742
-0.148575
-0.163803
-0.170914
-0.184113
-0.191910
-0.202225
-0.209732
-0.219345
-0.225693
-0.232117
-0.237610
-0.241867
-0.244568
-0.246857
-0.246948
-0.246124
-0.244461
-0.243423
-0.236145
-0.233124
-0.226913
-0.217590
-0.212708
-0.201675
-0.195847
-0.185196
-0.176208
-0.165878
-0.156006
-0.142471
-0.134598
-0.120834
-0.110245
-0.100174
-0.085327
-0.077911
-0.063217
-0.054962
-0.046692
-0.039368
-0.028915
-0.021988
-0.016190
-0.010696
-0.008270
-0.005310
-0.004852
-0.004837
-0.005280
-0.007294
-0.009399
-0.015533
-0.019577
-0.025299
-0.034637
-0.039291
-0.048721
-0.056747
-0.065948
-0.075821
-0.089142
-0.101166
-0.110931
-0.123169
-0.132538
-0.146362
-0.154282
-0.168991
-0.176773
-0.187805
-0.196762
-0.207214
-0.216782
-0.224045
-0.230789
-0.235306
-0.240845
-0.243362
-0.246170
-0.246155
-0.245972
-0.244888
-0.243103
-0.237717
-0.234055
-0.228561
-0.222702
-0.215195
-0.208130
-0.197723
-0.191925
-0.179504
-0.170685
-0.159546
-0.145920
-0.137009
-0.123489
-0.116638
-0.101166
-0.092575
-0.080063
-0.065399
-0.058334
-0.047363
-0.041061
-0.030548
-0.025528
-0.017120
-0.013062
-0.009903
-0.005997
-0.005035
-0.004868
-0.004929
-0.006805
-0.009003
-0.014175
-0.017395
-0.024033
-0.029373
-0.035843
-0.048279
-0.053848
-0.064468
-0.072769
-0.085403
-0.095306
-0.107330
-0.116989
-0.129883
-0.138107
-0.152435
-0.166031
-0.173965
-0.185928
-0.192642
-0.206146
-0.212387
-0.220108
-0.228439
-0.234131
-0.239212
-0.243591
-0.245041
-0.245651
-0.246277
-0.245560
-0.243805
-0.241837
-0.236404
-0.230453
-0.225677
-0.215500
-0.211136
-0.200241
-0.192734
-0.183563
-0.174744
-0.161621
-0.155350
-0.139053
-0.126801
-0.119278
-0.103973
-0.095551
-0.082657
-0.073151
-0.060944
-0.053375
-0.042938
-0.035736
-0.027328
-0.018509
-0.015564
-0.009750
-0.006531
-0.006073
-0.004532
-0.004608
-0.005569
-0.008118
-0.012817
-0.015305
-0.021988
-0.028519
-0.035492
-0.041382
-0.052551
-0.058395
-0.070099
-0.079453
-0.090546
-0.105545
-0.114365
-0.126404
-0.136658
-0.149460
-0.158203
-0.172607
-0.179443
-0.190811
-0.203033
-0.209854
-0.220154
-0.226212
-0.232147
-0.237396
-0.241760
-0.243820
-0.246521
-0.246506
-0.246140
-0.244843
-0.242340
-0.237076
-0.233521
-0.225739
-0.221298
-0.212448
-0.205215
-0.196503
-0.184525
-0.178238
-0.163803
-0.155777
-0.143326
-0.132584
-0.121109
-0.113098
-0.099075
-0.091675
-0.075623
-0.065704
-0.057983
-0.044952
-0.040039
-0.029785
-0.022537
-0.016647
-0.013092
