-0.123749
-0.188004
-0.195633
-0.207214
-0.208939
-0.210892
-0.214188
-0.217407
-0.219513
-0.221725
-0.224472
-0.226074
-0.228531
-0.230270
-0.232193
-0.234650
-0.235275
-0.237396
-0.238449
-0.240097
-0.241302
-0.242004
-0.243469
-0.243759
-0.244690
-0.245193
-0.245346
-0.245865
-0.245865
-0.245865
-0.245850
-0.245819
-0.245895
-0.245651
-0.245255
-0.244843
-0.244278
-0.243088
-0.242050
-0.240906
-0.239471
-0.237991
-0.236786
-0.234390
-0.233414
-0.230850
-0.228790
-0.226807
-0.224380
-0.221664
-0.220795
-0.216736
-0.214447
-0.211884
-0.208481
-0.206863
-0.202530
-0.201385
-0.196609
-0.194382
-0.191391
-0.186935
-0.185471
-0.180267
-0.178116
-0.174332
-0.171738
-0.166809
-0.162949
-0.160599
-0.154861
-0.152420
-0.148071
-0.143021
-0.140884
-0.135925
-0.132233
-0.129562
-0.124786
-0.121780
-0.118423
-0.113541
-0.111206
-0.105865
-0.102386
-0.098907
-0.094513
-0.091614
-0.087082
-0.084320
-0.079208
-0.076843
-0.072739
-0.067871
-0.066223
-0.061066
-0.059387
-0.055450
-0.052780
-0.050552
-0.047058
-0.043839
-0.041199
-0.038742
-0.035416
-0.033844
-0.030579
-0.028885
-0.026505
-0.023621
-0.022110
-0.019623
-0.018417
-0.016647
-0.014618
-0.013992
-0.011780
-0.010727
-0.010468
-0.009872
-0.008682
-0.008240
-0.006744
-0.006470
-0.006134
-0.005280
-0.005280
-0.004868
-0.004959
-0.004868
-0.004974
-0.005096
-0.005081
-0.005463
-0.006378
-0.006760
-0.007889
-0.008728
-0.009979
-0.011368
-0.012604
-0.013718
-0.016281
-0.017044
-0.019531
-0.021500
-0.023376
-0.025864
-0.027603
-0.031158
-0.033310
-0.035080
-0.037857
-0.040985
-0.043442
-0.046600
-0.049591
-0.051804
-0.055740
-0.057373
-0.062256
-0.064423
-0.068542
-0.071030
-0.075836
-0.080246
-0.082809
-0.088257
-0.090546
-0.094803
-0.098221
-0.102280
-0.105408
-0.109787
-0.114380
-0.116394
-0.122375
-0.124542
-0.128525
-0.131927
-0.136978
-0.139572
-0.143845
-0.147797
-0.151138
-0.156494
-0.160187
-0.163010
-0.165817
-0.171234
-0.174011
-0.176941
-0.180115
-0.184372
-0.187332
-0.190414
-0.194443
-0.196655
-0.200394
-0.201691
-0.206253
-0.208527
-0.210709
-0.213867
-0.217026
-0.219757
-0.221924
-0.223740
-0.226562
-0.228226
-0.229889
-0.232681
-0.233414
-0.235764
-0.237061
-0.237869
-0.240234
-0.241028
-0.242081
-0.243118
-0.243881
-0.244263
-0.245209
-0.245285
-0.245773
-0.245773
-0.245850
-0.245926
-0.245956
-0.245850
-0.245911
-0.245361
-0.245178
-0.244431
-0.243134
-0.242264
-0.240982
-0.239502
-0.238220
-0.236862
-0.234787
-0.233780
-0.231247
-0.229813
-0.227203
-0.224136
-0.222839
-0.219910
-0.217850
-0.215302
-0.211914
-0.210037
-0.207214
-0.205750
-0.198853
-0.197998
-0.195099
-0.191635
-0.188431
-0.185822
-0.181839
-0.179733
-0.174606
-0.172729
-0.167557
-0.163971
-0.160782
-0.156097
-0.153000
-0.148529
-0.145142
-0.140732
-0.138062
-0.132477
-0.129181
-0.125473
-0.121536
-0.119141
-0.114624
-0.111969
-0.106934
-0.103897
-0.099640
-0.096527
-0.092255
-0.087616
-0.085037
-0.080032
-0.077194
-0.074112
-0.070679
-0.065155
-0.064072
-0.059479
-0.056091
-0.053467
-0.050125
-0.048080
-0.044083
-0.042145
-0.039032
-0.036362
-0.034027
-0.031631
-0.029678
-0.025879
-0.024734
-0.022202
-0.020538
-0.018463
-0.017380
-0.014801
-0.013779
-0.012405
-0.010590
-0.010086
-0.008591
-0.008011
-0.006943
-0.006393
-0.005783
-0.005188
-0.005157
-0.004868
-0.004776
-0.004883
-0.004837
-0.004868
-0.004974
-0.005539
-0.006073
-0.006775
-0.007538
-0.008743
-0.010132
-0.011139
-0.012863
-0.014221
-0.015427
-0.017715
-0.018951
-0.020386
-0.023163
-0.025314
-0.027328
-0.029907
-0.033478
-0.035477
-0.037186
-0.041367
-0.043060
-0.045929
-0.048798
-0.051437
-0.056076
-0.058044
-0.061707
-0.065536
-0.068283
-0.071182
-0.076660
-0.079163
-0.083054
-0.086670
-0.090485
-0.094742
-0.097870
-0.102051
-0.105545
-0.109314
-0.113068
-0.116989
-0.119797
-0.124985
-0.129074
-0.132462
-0.136124
-0.139435
-0.143326
-0.146500
-0.152405
-0.154190
-0.160034
-0.163315
-0.164719
-0.172043
-0.174240
-0.176971
-0.180649
-0.183670
-0.186050
-0.190491
-0.192291
-0.197357
-0.200516
-0.201828
-0.206192
-0.208755
-0.210999
-0.213181
-0.217117
-0.219086
-0.221848
-0.222626
-0.226486
-0.228088
-0.230072
-0.232681
-0.233093
-0.235687
-0.237137
-0.238022
-0.240021
-0.240753
-0.242233
-0.243423
-0.243683
-0.244659
-0.245102
-0.245209
-0.245758
-0.245819
-0.245911
-0.245987
-0.245941
-0.245926
-0.245834
-0.245346
-0.245178
-0.244476
-0.243530
-0.242264
-0.241180
-0.239838
-0.238739
-0.237045
-0.235031
-0.233841
-0.231033
-0.229935
-0.227127
-0.225174
-0.223007
-0.220978
-0.218094
-0.215286
-0.211517
-0.210266
-0.207855
-0.202881
-0.201965
-0.197495
-0.196487
-0.191513
-0.188339
-0.186325
-0.180847
-0.179611
-0.174515
-0.172150
-0.167816
-0.164505
-0.161057
-0.158890
-0.152954
-0.148392
-0.144638
-0.141388
-0.136780
-0.133911
-0.130127
-0.127258
-0.123383
-0.118225
-0.116165
-0.113968
-0.105362
-0.103500
-0.100021
-0.095093
-0.093063
-0.088776
-0.084824
-0.082092
-0.076721
-0.074432
-0.069458
-0.066330
-0.064148
-0.058899
-0.057526
-0.053055
-0.051453
-0.047546
-0.044144
-0.042404
-0.038986
-0.037415
-0.033432
-0.032318
-0.028641
-0.027817
-0.024933
-0.022232
-0.021011
-0.018051
-0.016953
-0.015594
-0.013306
-0.012680
-0.011368
-0.009491
-0.009247
-0.007736
-0.007034
-0.006531
-0.005630
-0.005417
-0.005051
-0.004959
-0.004822
-0.004745
-0.004883
-0.004730
-0.004959
-0.005539
-0.006287
-0.006653
-0.007507
-0.008759
-0.009460
-0.011139
-0.012375
-0.014084
-0.015579
-0.016724
-0.019806
-0.020355
-0.023880
-0.025681
-0.027359
-0.030334
-0.032883
-0.034256
-0.038147
-0.040848
-0.042923
-0.046356
-0.048370
-0.051620
-0.054672
-0.057098
-0.059647
-0.065613
-0.066879
-0.071411
-0.076645
-0.078812
-0.083191
-0.085770
-0.090790
-0.093567
-0.097656
-0.101425
-0.104630
-0.110153
-0.113495
-0.116058
-0.119431
-0.124710
-0.127045
-0.132675
-0.135284
-0.139648
-0.143829
-0.147156
-0.151810
-0.154419
-0.158646
-0.162857
-0.165970
-0.169540
-0.173813
-0.175262
-0.181015
