-0.089340
-0.102203
-0.110779
-0.129593
-0.152542
-0.172592
-0.179550
-0.181137
-0.177780
-0.161713
-0.139847
-0.115906
-0.102310
-0.097473
-0.097992
-0.106827
-0.125763
-0.139084
-0.141373
-0.139801
-0.127792
-0.108398
-0.086807
-0.075684
-0.073822
-0.075668
-0.089157
-0.111450
-0.131866
-0.143982
-0.147079
-0.146088
-0.133820
-0.114761
-0.100433
-0.095154
-0.096558
-0.106354
-0.125778
-0.148239
-0.164017
-0.168884
-0.168869
-0.160828
-0.143051
-0.119888
-0.106979
-0.102615
-0.103470
-0.113007
-0.132278
-0.151276
-0.161697
-0.162857
-0.158615
-0.143356
-0.121490
-0.101440
-0.090759
-0.088608
-0.091278
-0.104279
-0.126083
-0.142731
-0.149429
-0.150040
-0.144028
-0.126617
-0.105698
-0.092163
-0.087982
-0.089401
-0.099945
-0.120316
-0.140823
-0.152679
-0.155396
-0.153824
-0.140793
-0.120483
-0.103302
-0.095795
-0.095505
-0.101685
-0.118454
-0.140701
-0.156311
-0.162689
-0.162582
-0.154510
-0.136063
-0.113068
-0.096802
-0.089279
-0.088898
-0.094955
-0.112228
-0.132797
-0.145233
-0.148026
-0.146942
-0.134583
-0.122345
-0.117432
-0.095963
-0.087311
-0.087143
-0.094818
-0.108109
-0.135361
-0.151245
-0.165268
-0.166641
-0.165100
-0.155273
-0.131332
-0.114166
-0.111130
-0.111465
-0.118011
-0.139297
-0.156052
-0.169983
-0.171295
-0.169250
-0.152390
-0.135452
-0.109787
-0.100662
-0.096375
-0.097275
-0.109375
-0.125137
-0.146790
-0.154709
-0.156830
-0.149902
-0.137421
-0.113220
-0.103485
-0.099594
-0.100250
-0.112534
-0.128189
-0.154251
-0.169449
-0.171646
-0.170700
-0.161621
-0.139374
-0.120743
-0.106415
-0.103485
-0.104599
-0.111862
-0.134628
-0.152725
-0.157623
-0.157181
-0.150223
-0.129898
-0.111908
-0.089996
-0.082932
-0.081085
-0.087860
-0.101105
-0.126282
-0.137634
-0.143066
-0.143082
-0.133621
-0.119934
-0.096268
-0.088089
-0.085281
-0.090897
-0.102554
-0.128952
-0.143372
-0.154846
-0.156235
-0.152252
-0.141006
-0.116516
-0.102219
-0.092163
-0.091644
-0.096573
-0.116562
-0.134216
-0.152847
-0.157928
-0.158463
-0.152847
-0.132843
-0.109787
-0.101212
-0.098755
-0.100418
-0.115524
-0.132050
-0.155762
-0.165649
-0.168411
-0.164673
-0.153229
-0.127762
-0.113251
-0.104187
-0.103317
-0.107712
-0.119888
-0.144638
-0.158310
-0.167679
-0.167374
-0.160919
-0.140030
-0.121353
-0.104385
-0.100372
-0.100067
-0.105621
-0.126526
-0.147812
-0.155045
-0.156677
-0.153458
-0.135635
-0.119019
-0.098724
-0.092712
-0.091675
-0.095764
-0.114670
-0.141937
-0.158401
-0.172180
-0.173920
-0.172394
-0.162231
-0.139297
-0.125000
-0.117859
-0.118530
-0.125290
-0.146667
-0.159882
-0.167648
-0.167465
-0.158569
-0.144897
-0.116959
-0.100479
-0.086761
-0.083557
-0.085815
-0.100571
-0.118301
-0.138336
-0.143417
-0.144394
-0.140961
-0.122070
-0.097778
-0.087646
-0.083008
-0.083984
-0.096146
-0.112183
-0.136932
-0.147507
-0.152771
-0.152496
-0.140762
-0.117935
-0.104813
-0.096313
-0.096207
-0.103943
-0.116608
-0.143280
-0.157455
-0.167389
-0.167770
-0.163025
-0.143311
-0.124588
-0.104691
-0.099243
-0.097824
-0.101318
-0.120148
-0.136383
-0.150986
-0.153519
-0.151688
-0.135880
-0.119797
-0.095154
-0.086060
-0.082458
-0.083511
-0.096695
-0.113663
-0.136078
-0.145508
-0.146347
-0.141235
-0.129120
-0.106216
-0.096542
-0.092758
-0.094376
-0.107559
-0.132828
-0.151978
-0.170746
-0.174911
-0.175339
-0.170898
-0.151077
-0.132889
-0.115616
-0.112686
-0.113113
-0.124832
-0.140411
-0.161835
-0.168488
-0.169327
-0.165710
-0.147476
-0.129440
-0.106506
-0.097794
-0.096756
-0.101852
-0.113937
-0.137039
-0.146805
-0.150620
-0.149689
-0.135529
-0.112305
-0.097534
-0.087555
-0.086990
-0.092529
-0.104309
-0.130997
-0.145477
-0.157425
-0.159134
-0.155396
-0.136810
-0.119629
-0.100784
-0.095856
-0.095520
-0.100647
-0.120667
-0.138550
-0.159439
-0.166504
-0.166519
-0.158615
-0.144989
-0.119080
-0.108826
-0.103134
-0.103577
-0.113922
-0.128738
-0.149445
-0.157745
-0.157669
-0.148438
-0.135101
-0.108749
-0.093521
-0.081711
-0.080307
-0.083771
-0.102356
-0.120651
-0.138718
-0.143051
-0.143784
-0.138962
-0.119446
-0.103851
-0.091599
-0.090393
-0.094543
-0.112457
-0.130432
-0.155960
-0.166519
-0.170609
-0.170380
-0.158356
-0.143692
-0.120621
-0.113449
-0.113480
-0.119629
-0.132858
-0.157501
-0.168137
-0.172638
-0.172165
-0.159882
-0.145554
-0.116440
-0.099686
-0.095734
-0.095245
-0.100159
-0.121063
-0.136032
-0.148727
-0.150162
-0.147003
-0.128769
-0.112930
-0.093765
-0.088837
-0.088989
-0.094376
-0.115005
-0.133286
-0.153885
-0.160965
-0.162292
-0.154251
-0.140732
-0.115433
-0.105438
-0.100266
-0.100723
-0.111481
-0.126663
-0.150696
-0.163925
-0.164825
-0.161774
-0.150955
-0.125870
-0.110046
-0.096024
-0.093872
-0.095932
-0.104324
-0.128357
-0.145538
-0.149643
-0.149490
-0.143112
-0.121765
-0.104965
-0.081024
-0.074341
-0.072510
-0.078445
-0.091644
-0.117722
-0.129196
-0.134247
-0.134232
-0.125259
-0.111725
-0.090790
-0.084213
-0.083313
-0.092896
-0.107178
-0.134689
-0.151657
-0.166031
-0.167770
-0.166748
-0.157486
-0.134109
-0.117447
-0.114731
-0.115402
-0.122574
-0.144424
-0.161865
-0.176270
-0.177704
-0.176712
-0.166992
-0.144485
-0.118576
-0.110229
-0.107391
-0.108276
-0.120987
-0.137085
-0.158051
-0.165451
-0.166321
-0.158234
-0.144913
-0.118042
-0.106766
-0.099960
-0.099808
-0.107864
-0.121765
-0.146500
-0.158386
-0.164047
-0.162399
-0.152924
-0.129776
-0.111694
-0.096512
-0.093307
-0.094162
-0.101212
-0.123596
-0.146378
-0.154633
-0.157242
-0.155655
-0.139511
-0.123260
-0.098953
-0.089981
-0.086075
-0.087601
-0.100418
-0.125900
-0.137650
-0.143600
-0.143723
-0.135544
-0.121933
-0.099960
-0.092865
-0.090958
-0.098282
-0.110855
-0.137848
-0.153717
-0.167053
-0.168427
-0.166458
-0.156204
-0.132034
-0.114777
-0.101181
-0.098663
-0.100281
-0.115570
-0.131882
-0.148148
-0.151764
-0.150513
-0.142685
-0.121094
-0.097794
-0.089661
-0.087326
-0.089081
-0.103851
-0.121323
-0.144730
-0.154037
-0.157837
-0.156921
-0.142410
-0.117981
-0.103607
-0.093872
