-0.008865
-0.005829
-0.013779
-0.032806
-0.056351
-0.082687
-0.109558
-0.129822
-0.142578
-0.147812
-0.146576
-0.136078
-0.115814
-0.092468
-0.062881
-0.039246
-0.020447
-0.008713
-0.006424
-0.009384
-0.022110
-0.043350
-0.068161
-0.096313
-0.120255
-0.145554
-0.172867
-0.196671
-0.221283
-0.239288
-0.245499
-0.246201
-0.241425
-0.223053
-0.200256
-0.173462
-0.148727
-0.122391
-0.097809
-0.071732
-0.045090
-0.025726
-0.011505
-0.003784
-0.004639
-0.013077
-0.031128
-0.052307
-0.070236
-0.097595
-0.122299
-0.145477
-0.171951
-0.194595
-0.213531
-0.232635
-0.244385
-0.247238
-0.244690
-0.231247
-0.213104
-0.195938
-0.174225
-0.151672
-0.128006
-0.104019
-0.080856
-0.056992
-0.036560
-0.019043
-0.007172
-0.004044
-0.006683
-0.018860
-0.037811
-0.053589
-0.073257
-0.099792
-0.122116
-0.145599
-0.172806
-0.194458
-0.214005
-0.232986
-0.244537
-0.247162
-0.244293
-0.229782
-0.211975
-0.195419
-0.174179
-0.152725
-0.126434
-0.102936
-0.079163
-0.053864
-0.034882
-0.018799
-0.006241
-0.003448
-0.007477
-0.020615
-0.039291
-0.056168
-0.076187
-0.094833
-0.120773
-0.147629
-0.170792
-0.195053
-0.215683
-0.232574
-0.244308
-0.247253
-0.244507
-0.230087
-0.211792
-0.194275
-0.172440
-0.149857
-0.124329
-0.102127
-0.078552
-0.053055
-0.034332
-0.017548
-0.005814
-0.003738
-0.008011
-0.021545
-0.040512
-0.055908
-0.077820
-0.102631
-0.118164
-0.123077
-0.150635
-0.168564
-0.194397
-0.218094
-0.231262
-0.244705
-0.247299
-0.243927
-0.233566
-0.212265
-0.199844
-0.176163
-0.150482
-0.130310
-0.104492
-0.085175
-0.054565
-0.040100
-0.020737
-0.009491
-0.003479
-0.004929
-0.017197
-0.039444
-0.052460
-0.076096
-0.097275
-0.122925
-0.141403
-0.171478
-0.189041
-0.212936
-0.234329
-0.243286
-0.246933
-0.245590
-0.230377
-0.216812
-0.196930
-0.180801
-0.153549
-0.134735
-0.107925
-0.077377
-0.057877
-0.035034
-0.021957
-0.006622
-0.003571
-0.006836
-0.015640
-0.036743
-0.055298
-0.072098
-0.101517
-0.118454
-0.146927
-0.167236
-0.193253
-0.208740
-0.231171
-0.241821
-0.247101
-0.244278
-0.233871
-0.213074
-0.199966
-0.175308
-0.158752
-0.129868
-0.109894
-0.082596
-0.053223
-0.037827
-0.018646
-0.008560
-0.003418
-0.005585
-0.018875
-0.032883
-0.052719
-0.068146
-0.095062
-0.122330
-0.141144
-0.170380
-0.189438
-0.213501
-0.228134
-0.243759
-0.247375
-0.245117
-0.229492
-0.214386
-0.195679
-0.178986
-0.151428
-0.132736
-0.104248
-0.086502
-0.056320
-0.041367
-0.020782
-0.006439
-0.003845
-0.006927
-0.015671
-0.037460
-0.050034
-0.072754
-0.092773
-0.119064
-0.149063
-0.168488
-0.194229
-0.210541
-0.232300
-0.242004
-0.247055
-0.245499
-0.232819
-0.217041
-0.197800
-0.175064
-0.156586
-0.127289
-0.110123
-0.080124
-0.060760
-0.037415
-0.023727
-0.007401
-0.003754
-0.005997
-0.020050
-0.034821
-0.053391
-0.068314
-0.098480
-0.115479
-0.142960
-0.163971
-0.191147
-0.214493
-0.230087
-0.244232
-0.246841
-0.245132
-0.235901
-0.213745
-0.200729
-0.178177
-0.160004
-0.130875
-0.104782
-0.085266
-0.056641
-0.041260
-0.020218
-0.009247
-0.003906
-0.004852
-0.016739
-0.038010
-0.050201
-0.073517
-0.093765
-0.120087
-0.138397
-0.169769
-0.187637
-0.211182
-0.233551
-0.243011
-0.246964
-0.245865
-0.231476
-0.216537
-0.197021
-0.181244
-0.153931
-0.136490
-0.108078
-0.079529
-0.060471
-0.037354
-0.023483
-0.007492
-0.003830
-0.006409
-0.014267
-0.034668
-0.054398
-0.069733
-0.100082
-0.117706
-0.145721
-0.166809
-0.192780
-0.208267
-0.230804
-0.241150
-0.247070
-0.244583
-0.234573
-0.213593
-0.200836
-0.176620
-0.158295
-0.131042
-0.111313
-0.084549
-0.054550
-0.039368
-0.019516
-0.009155
-0.003494
-0.005402
-0.017609
-0.032227
-0.051743
-0.064728
-0.095200
-0.121216
-0.140060
-0.170486
-0.188644
-0.212051
-0.226822
-0.242905
-0.246979
-0.245605
-0.231049
-0.215759
-0.196671
-0.180923
-0.153259
-0.134750
-0.108459
-0.088516
-0.059158
-0.042572
-0.022049
-0.006775
-0.003632
-0.006866
-0.015549
-0.036438
-0.049026
-0.071655
-0.091888
-0.117371
-0.147903
-0.167114
-0.191666
-0.208267
-0.230606
-0.241058
-0.246674
-0.245956
-0.233795
-0.218399
-0.199066
-0.175720
-0.157120
-0.129868
-0.110367
-0.081772
-0.062607
-0.038254
-0.024261
-0.008499
-0.003769
-0.005692
-0.018784
-0.033432
-0.052216
-0.067627
-0.097519
-0.113831
-0.142670
-0.162552
-0.188263
-0.213699
-0.228058
-0.243454
-0.246964
-0.245544
-0.236877
-0.214417
-0.202454
-0.180710
-0.152176
-0.133545
-0.105698
-0.087326
-0.057251
-0.041687
-0.021515
-0.010513
-0.003540
-0.004761
-0.015884
-0.037094
-0.049072
-0.072800
-0.093735
-0.118729
-0.137863
-0.168640
-0.185669
-0.209824
-0.232254
-0.242096
-0.247055
-0.246231
-0.232941
-0.217194
-0.198135
-0.183914
-0.156158
-0.137253
-0.109009
-0.081253
-0.060501
-0.037094
-0.024368
-0.007492
-0.003433
-0.005936
-0.013901
-0.034073
-0.053741
-0.067993
-0.098892
-0.116180
-0.142471
-0.163467
-0.191010
-0.206207
-0.228806
-0.240036
-0.247055
-0.245163
-0.236359
-0.213928
-0.201416
-0.178070
-0.159561
-0.132629
-0.113266
-0.085617
-0.055908
-0.040680
-0.019714
-0.009064
-0.003815
-0.004959
-0.017014
-0.031418
-0.050446
-0.064606
-0.093765
-0.119690
-0.139633
-0.169785
-0.187088
-0.211655
-0.227295
-0.242874
-0.246811
-0.245789
-0.231628
-0.219101
-0.198929
-0.182144
-0.158844
-0.137589
-0.108307
-0.091110
-0.059433
-0.042435
-0.023544
-0.007385
-0.003174
-0.006195
-0.014633
-0.034027
-0.045959
-0.070404
-0.089005
-0.115982
-0.142303
-0.163803
-0.192169
-0.207886
-0.230026
-0.241135
-0.247055
-0.246552
-0.234573
-0.219635
-0.200577
-0.175797
-0.158707
-0.130127
-0.110657
-0.083817
-0.063004
-0.038864
-0.025467
-0.008789
-0.003448
-0.005432
-0.018250
-0.032745
-0.051712
-0.066086
-0.096283
-0.113037
-0.141342
-0.161652
-0.188385
-0.211533
-0.227753
-0.243011
-0.246765
-0.245850
-0.238052
-0.215652
-0.202942
-0.179993
-0.153656
-0.135056
-0.106567
-0.089355
-0.058411
-0.042068
-0.022903
-0.010559
-0.003311
-0.004578
-0.015335
-0.036560
-0.049652
-0.071899
-0.091812
-0.118500
-0.136917
-0.165115
-0.184128
-0.209564
-0.230515
-0.241516
-0.247177
-0.246094
-0.233810
-0.218643
-0.200165
-0.185043
-0.157806
-0.140091
-0.109619
-0.082733
