-0.093201
-0.135193
-0.126678
-0.109283
-0.084625
-0.059402
-0.046967
-0.043350
-0.043976
-0.052704
-0.071945
-0.097641
-0.118546
-0.125656
-0.127350
-0.125000
-0.112885
-0.110977
-0.116974
-0.131241
-0.153473
-0.173660
-0.180542
-0.181976
-0.178848
-0.162704
-0.141235
-0.125763
-0.120895
-0.121277
-0.130081
-0.148041
-0.161438
-0.163498
-0.160828
-0.146973
-0.126312
-0.109207
-0.101105
-0.100906
-0.106461
-0.122635
-0.139496
-0.145020
-0.144226
-0.135910
-0.118088
-0.102020
-0.095306
-0.096008
-0.104050
-0.121902
-0.142822
-0.156555
-0.160080
-0.159378
-0.147202
-0.128296
-0.117477
-0.115784
-0.118958
-0.132675
-0.151413
-0.161942
-0.162155
-0.157669
-0.141083
-0.119781
-0.103439
-0.096832
-0.096848
-0.103806
-0.120911
-0.139893
-0.148590
-0.149399
-0.145065
-0.128479
-0.113205
-0.107101
-0.107956
-0.116730
-0.134338
-0.154953
-0.167130
-0.168167
-0.166595
-0.152725
-0.131714
-0.118149
-0.114883
-0.115601
-0.125977
-0.143158
-0.152954
-0.152603
-0.147049
-0.136581
-0.131897
-0.106583
-0.089035
-0.075729
-0.074081
-0.076202
-0.092453
-0.110794
-0.136490
-0.147781
-0.154190
-0.154312
-0.144714
-0.130722
-0.130249
-0.137833
-0.149796
-0.169052
-0.172928
-0.171829
-0.164169
-0.143112
-0.123642
-0.105682
-0.100357
-0.100479
-0.110214
-0.125153
-0.144272
-0.149521
-0.149628
-0.144165
-0.124130
-0.111053
-0.109650
-0.113708
-0.123840
-0.147873
-0.162964
-0.171768
-0.172073
-0.166840
-0.154144
-0.129471
-0.117767
-0.116959
-0.119949
-0.130875
-0.149704
-0.154190
-0.152573
-0.146088
-0.124191
-0.106781
-0.082870
-0.074570
-0.073807
-0.079300
-0.091797
-0.112640
-0.116043
-0.115158
-0.108170
-0.088577
-0.082077
-0.083572
-0.094986
-0.110138
-0.138199
-0.153107
-0.164383
-0.164871
-0.162521
-0.143204
-0.127686
-0.117554
-0.117172
-0.122833
-0.134827
-0.152969
-0.157135
-0.155228
-0.147324
-0.125412
-0.101135
-0.092331
-0.088913
-0.090302
-0.103363
-0.119949
-0.147171
-0.160751
-0.168671
-0.168533
-0.162292
-0.148834
-0.148575
-0.157150
-0.169754
-0.188492
-0.193283
-0.192688
-0.185516
-0.165771
-0.135193
-0.115829
-0.099945
-0.094955
-0.094315
-0.098907
-0.119247
-0.130066
-0.133224
-0.129227
-0.118927
-0.102310
-0.099075
-0.102402
-0.111023
-0.134094
-0.152237
-0.168991
-0.171494
-0.171204
-0.157578
-0.142136
-0.121094
-0.115921
-0.115479
-0.119507
-0.138794
-0.149109
-0.152084
-0.147186
-0.135391
-0.111099
-0.091248
-0.072067
-0.067184
-0.066483
-0.070984
-0.092072
-0.103409
-0.106506
-0.102280
-0.090744
-0.073578
-0.069717
-0.072922
-0.081818
-0.105179
-0.125122
-0.147522
-0.156662
-0.158279
-0.152695
-0.140259
-0.122116
-0.118484
-0.120163
-0.127808
-0.149185
-0.162003
-0.167770
-0.165802
-0.156479
-0.133163
-0.120300
-0.114044
-0.114044
-0.122025
-0.135696
-0.155945
-0.162369
-0.161835
-0.150543
-0.136215
-0.109924
-0.098236
-0.091202
-0.090988
-0.098953
-0.112625
-0.133270
-0.138535
-0.138138
-0.127686
-0.113831
-0.100571
-0.099304
-0.104156
-0.114197
-0.139297
-0.157944
-0.162369
-0.162369
-0.156708
-0.135315
-0.117447
-0.090347
-0.079208
-0.073807
-0.074142
-0.083542
-0.094376
-0.092148
-0.079819
-0.065002
-0.050339
-0.049133
-0.053024
-0.062988
-0.087677
-0.119812
-0.137543
-0.155151
-0.161118
-0.161743
-0.156433
-0.136612
-0.120346
-0.109283
-0.108322
-0.111755
-0.126999
-0.131500
-0.127090
-0.118896
-0.096725
-0.084412
-0.079727
-0.080215
-0.092056
-0.116196
-0.133499
-0.149536
-0.152634
-0.151993
-0.144516
-0.122925
-0.112045
-0.107422
-0.107986
-0.119965
-0.140244
-0.149094
-0.150238
-0.147217
-0.129868
-0.113983
-0.095673
-0.090973
-0.091476
-0.103043
-0.118576
-0.132965
-0.133987
-0.131119
-0.121353
-0.098709
-0.084167
-0.075302
-0.075180
-0.081650
-0.103607
-0.119202
-0.132523
-0.133484
-0.131729
-0.121811
-0.102524
-0.097244
-0.098251
-0.109787
-0.124588
-0.148544
-0.157806
-0.160645
-0.159882
-0.144211
-0.128586
-0.113327
-0.110580
-0.112137
-0.126495
-0.142151
-0.157059
-0.158752
-0.156067
-0.145248
-0.122238
-0.109467
-0.100632
-0.101318
-0.107681
-0.128677
-0.145569
-0.161835
-0.163971
-0.163101
-0.154678
-0.134109
-0.127350
-0.127472
-0.137192
-0.151382
-0.172195
-0.177795
-0.177841
-0.172989
-0.153595
-0.135818
-0.114838
-0.109329
-0.109055
-0.117233
-0.131424
-0.149429
-0.152710
-0.151505
-0.143875
-0.122192
-0.110809
-0.104797
-0.106781
-0.115616
-0.138474
-0.155914
-0.171341
-0.173203
-0.172379
-0.163147
-0.140793
-0.115433
-0.107544
-0.104675
-0.105698
-0.118195
-0.122971
-0.117477
-0.108292
-0.084091
-0.069153
-0.060440
-0.060715
-0.066925
-0.088989
-0.108139
-0.134415
-0.144730
-0.150787
-0.150757
-0.139816
-0.124756
-0.123459
-0.128632
-0.139267
-0.162094
-0.171326
-0.173019
-0.171417
-0.155304
-0.139297
-0.113724
-0.103668
-0.102158
-0.105484
-0.116684
-0.135483
-0.139557
-0.137512
-0.131439
-0.110214
-0.081329
-0.066818
-0.058304
-0.057892
-0.062881
-0.075897
-0.096313
-0.099655
-0.098602
-0.090927
-0.074936
-0.072678
-0.076675
-0.094025
-0.111847
-0.142212
-0.161057
-0.178772
-0.182678
-0.183121
-0.172241
-0.157883
-0.135132
-0.128265
-0.127548
-0.130997
-0.149200
-0.159348
-0.161652
-0.158279
-0.142105
-0.116501
-0.100769
-0.089050
-0.087860
-0.091217
-0.100891
-0.119629
-0.122253
-0.118958
-0.104385
-0.089401
-0.081268
-0.081589
-0.090561
-0.104462
-0.131454
-0.147110
-0.159470
-0.161255
-0.158707
-0.140152
-0.125610
-0.116211
-0.116074
-0.122971
-0.135330
-0.154373
-0.159363
-0.158249
-0.150986
-0.129654
-0.105621
-0.096695
-0.093613
-0.094894
-0.107773
-0.124390
-0.147385
-0.155869
-0.158386
-0.153214
-0.141006
-0.122711
-0.119232
-0.120987
-0.128845
-0.149796
-0.160233
-0.163101
-0.158447
-0.146042
-0.121414
-0.106918
-0.096298
-0.095535
-0.100204
-0.110992
-0.130890
-0.134979
-0.133392
-0.121567
-0.106918
-0.087952
-0.083588
-0.084244
-0.091064
-0.112488
-0.128174
-0.141891
-0.143082
-0.141464
-0.124786
-0.109329
-0.094925
-0.092789
-0.095673
-0.104782
-0.128540
-0.141708
-0.149353
-0.149231
-0.142410
-0.120926
-0.105209
-0.091095
-0.088760
-0.091629
-0.100266
-0.124664
-0.153320
-0.167374
-0.176529
-0.177231
-0.172165
-0.160156
-0.133957
-0.111969
-0.087570
-0.076767
-0.069962
-0.072342
-0.080002
-0.088989
-0.087814
-0.096375
-0.111313
-0.140610
-0.160400
-0.187500
-0.200195
-0.202698
-0.201416
-0.192581
-0.170258
-0.150848
-0.133286
-0.129715
-0.129944
-0.135788
-0.149750
-0.148590
-0.141174
-0.121033
-0.103821
-0.079849
-0.073563
-0.071854
-0.074081
-0.091339
-0.118729
-0.133759
-0.146301
-0.148605
-0.145996
-0.135742
-0.124512
-0.125122
-0.133865
-0.146988
-0.172852
-0.187012
-0.188080
-0.187164
-0.177887
-0.154861
-0.139175
-0.128098
-0.127655
-0.132584
-0.151840
-0.162628
-0.165710
-0.163818
-0.149048
-0.132507
-0.109619
-0.100906
-0.098297
-0.099945
-0.113892
-0.139389
-0.152588
-0.161774
-0.161972
-0.154968
-0.141678
-0.130478
-0.130737
-0.138687
-0.159622
-0.177795
-0.194336
-0.196945
-0.196762
-0.189621
-0.168625
-0.149750
-0.125320
-0.119263
-0.117249
-0.121704
-0.131607
-0.133621
-0.127640
-0.110580
-0.093109
-0.071564
-0.065872
-0.065491
-0.075226
-0.090439
-0.116638
-0.128113
-0.133789
-0.133728
-0.124924
-0.111969
-0.099091
-0.098160
-0.103912
-0.122437
-0.137375
-0.149200
-0.149872
-0.145798
-0.133362
-0.111572
-0.102661
-0.099487
-0.104950
-0.115433
-0.141586
-0.158081
-0.172729
-0.174438
-0.172974
