-0.045074
-0.009918
-0.017929
-0.030289
-0.030869
-0.022827
-0.011124
-0.007935
-0.014557
-0.027664
-0.050171
-0.076767
-0.103531
-0.128387
-0.153778
-0.180313
-0.204575
-0.226364
-0.240143
-0.243134
-0.242355
-0.230179
-0.209290
-0.184647
-0.158417
-0.133331
-0.107559
-0.083405
-0.054932
-0.035049
-0.026260
-0.021713
-0.023849
-0.036407
-0.056656
-0.082092
-0.110748
-0.134521
-0.159286
-0.186844
-0.207031
-0.219589
-0.224777
-0.222870
-0.211838
-0.191467
-0.167435
-0.139038
-0.115509
-0.091232
-0.062408
-0.041367
-0.031738
-0.027039
-0.028366
-0.039276
-0.059418
-0.084518
-0.112869
-0.136597
-0.161819
-0.188232
-0.208023
-0.218597
-0.223312
-0.220383
-0.207611
-0.187073
-0.162247
-0.134949
-0.111115
-0.086243
-0.058258
-0.039230
-0.031921
-0.028748
-0.031815
-0.045944
-0.067200
-0.094559
-0.121567
-0.144318
-0.171814
-0.196854
-0.214142
-0.223679
-0.225662
-0.221741
-0.206680
-0.185211
-0.159012
-0.132263
-0.108841
-0.083115
-0.056107
-0.038574
-0.031845
-0.029800
-0.033951
-0.049362
-0.070938
-0.099762
-0.125427
-0.149551
-0.176788
-0.199585
-0.214096
-0.221100
-0.221603
-0.213409
-0.195221
-0.173218
-0.144485
-0.119827
-0.096573
-0.068329
-0.045044
-0.033783
-0.028549
-0.028839
-0.037613
-0.056534
-0.080170
-0.108994
-0.132889
-0.157959
-0.185089
-0.205917
-0.218842
-0.224136
-0.222916
-0.212448
-0.192581
-0.169327
-0.140717
-0.116806
-0.092804
-0.064270
-0.042419
-0.032349
-0.027481
-0.028320
-0.038681
-0.057999
-0.082504
-0.111435
-0.134995
-0.159897
-0.186798
-0.207230
-0.218887
-0.223709
-0.221176
-0.208969
-0.195923
-0.185165
-0.165497
-0.133057
-0.114502
-0.085602
-0.062790
-0.039032
-0.029556
-0.026917
-0.030487
-0.040817
-0.065033
-0.085831
-0.118683
-0.136475
-0.167114
-0.196899
-0.209991
-0.221130
-0.223343
-0.218201
-0.206772
-0.182281
-0.161911
-0.129761
-0.111664
-0.082031
-0.050613
-0.037949
-0.030075
-0.028198
-0.033386
-0.045242
-0.070587
-0.092667
-0.123947
-0.151672
-0.173660
-0.201660
-0.214630
-0.224655
-0.225525
-0.220032
-0.207703
-0.182251
-0.161606
-0.129868
-0.102219
-0.081863
-0.050598
-0.037888
-0.029999
-0.028152
-0.033447
-0.045288
-0.070450
-0.104538
-0.123993
-0.151627
-0.173569
-0.201340
-0.213531
-0.223129
-0.223785
-0.217026
-0.204071
-0.178772
-0.145706
-0.125977
-0.098877
-0.077240
-0.047119
-0.035187
-0.027130
-0.025360
-0.031845
-0.051819
-0.069366
-0.103394
-0.122696
-0.150620
-0.172424
-0.200043
-0.211792
-0.221252
-0.222092
-0.214310
-0.193283
-0.175980
-0.142715
-0.123291
-0.096069
-0.073761
-0.046326
-0.037476
-0.031937
-0.033401
-0.041458
-0.064804
-0.084213
-0.117294
-0.135529
-0.165894
-0.187012
-0.210358
-0.219788
-0.224396
-0.221237
-0.210724
-0.186172
-0.167053
-0.134354
-0.115524
-0.087158
-0.064163
-0.039841
-0.030090
-0.027191
-0.030289
-0.040512
-0.064331
-0.084747
-0.117676
-0.135666
-0.166245
-0.186966
-0.210388
-0.222931
-0.224960
-0.221848
-0.211411
-0.186966
-0.167694
-0.134872
-0.116165
-0.087799
-0.055496
-0.042007
-0.033722
-0.031631
-0.035904
-0.047501
-0.072479
-0.094101
-0.125427
-0.143326
-0.175201
-0.202820
-0.215668
-0.225067
-0.225632
-0.219513
-0.206558
-0.180817
-0.159912
-0.128326
-0.101151
-0.080048
-0.049103
-0.036789
-0.028442
-0.026505
-0.032074
-0.044098
-0.068848
-0.091248
-0.122772
-0.150223
-0.172073
-0.199631
-0.211273
-0.220657
-0.221207
-0.213638
-0.200272
-0.175278
-0.141800
-0.122375
-0.095215
-0.072784
-0.045441
-0.036743
-0.030899
-0.031143
-0.040512
-0.055420
-0.083206
-0.116379
-0.134735
-0.164703
-0.186127
-0.210220
-0.220535
-0.225952
-0.225693
-0.214233
-0.190109
-0.171509
-0.138672
-0.119553
-0.091751
-0.068954
-0.042450
-0.033646
-0.027512
-0.027573
-0.037704
-0.060486
-0.079895
-0.113434
-0.131653
-0.161255
-0.183044
-0.206665
-0.216125
-0.222610
-0.218918
-0.208847
-0.185455
-0.165878
-0.133301
-0.114960
-0.085907
-0.063034
-0.038696
-0.030792
-0.024734
-0.027756
-0.037766
-0.060928
-0.081253
-0.114456
-0.132492
-0.162430
-0.183838
-0.206711
-0.217865
-0.220306
-0.216125
-0.204727
-0.181183
-0.160431
-0.128174
-0.110336
-0.080338
-0.058075
-0.036682
-0.028625
-0.026535
-0.032181
-0.043930
-0.069061
-0.091446
-0.122528
-0.140305
-0.172134
-0.200241
-0.212540
-0.222488
-0.223633
-0.217102
-0.204422
-0.179245
-0.157852
-0.126495
-0.108719
-0.077881
-0.048264
-0.037186
-0.030090
-0.029282
-0.036011
-0.049133
-0.075241
-0.098267
-0.128098
-0.156570
-0.178650
-0.203552
-0.213608
-0.220459
-0.220215
-0.208969
-0.194260
-0.167374
-0.144363
-0.115540
-0.087402
-0.064178
-0.039291
-0.031769
-0.025574
-0.026337
-0.037949
-0.052811
-0.081421
-0.114746
-0.132721
-0.162582
-0.184189
-0.208633
-0.219604
-0.225677
-0.225449
-0.214783
-0.199692
-0.172760
-0.139694
-0.120850
-0.093063
-0.070221
-0.043671
-0.034821
-0.028793
-0.028824
-0.038712
-0.061661
-0.081177
-0.114700
-0.132751
-0.162521
-0.184067
-0.206665
-0.214462
-0.219574
-0.218033
-0.203278
-0.179611
-0.158524
-0.126572
-0.108810
-0.078568
-0.056534
-0.035294
-0.029160
-0.024826
-0.030670
-0.042679
-0.067291
-0.089584
-0.121063
-0.138779
-0.170273
-0.190384
-0.211472
-0.219299
-0.223068
-0.216766
-0.204483
-0.179520
-0.158310
-0.126831
-0.109009
-0.078156
-0.056610
-0.035446
-0.026962
-0.024826
-0.030655
-0.042496
-0.067169
-0.089645
-0.120834
-0.138794
-0.170319
-0.190247
-0.211487
-0.221512
-0.222885
-0.216965
-0.204361
-0.179657
-0.158310
-0.126755
-0.109055
-0.078400
-0.049149
-0.038696
-0.032547
-0.032150
-0.039566
-0.053574
-0.080719
-0.103577
-0.132523
-0.152023
-0.183319
-0.208527
-0.219040
-0.225464
-0.225220
-0.214447
-0.199493
-0.172440
-0.150162
-0.120453
-0.092606
-0.069870
-0.043335
-0.034561
-0.028473
-0.028458
-0.038528
-0.053009
-0.080902
-0.104248
-0.132431
-0.162308
-0.183868
-0.208328
-0.219376
-0.225327
-0.225235
-0.214539
-0.199356
-0.172516
-0.139267
