-0.120483
0.015793
0.007889
-0.010727
-0.035583
-0.060333
-0.077469
-0.085785
-0.087021
-0.081802
-0.065811
-0.046829
-0.039520
-0.039627
-0.045151
-0.062271
-0.084641
-0.114059
-0.137863
-0.162170
-0.187042
-0.201263
-0.206360
-0.206543
-0.199570
-0.181488
-0.158585
-0.129684
-0.106308
-0.082458
-0.061584
-0.053574
-0.053162
-0.056259
-0.071533
-0.095520
-0.121948
-0.145996
-0.172379
-0.190720
-0.198212
-0.200272
-0.196640
-0.181534
-0.160400
-0.131927
-0.107315
-0.085037
-0.066055
-0.058426
-0.058228
-0.064240
-0.081573
-0.106125
-0.131882
-0.156418
-0.180161
-0.193451
-0.198364
-0.197708
-0.188782
-0.170349
-0.145920
-0.118057
-0.094421
-0.071213
-0.056091
-0.052963
-0.053162
-0.061798
-0.082199
-0.107529
-0.133102
-0.157700
-0.181198
-0.192215
-0.196671
-0.195465
-0.184845
-0.165482
-0.140335
-0.112854
-0.089539
-0.066772
-0.053223
-0.051147
-0.051498
-0.062088
-0.082947
-0.109283
-0.134445
-0.159149
-0.183182
-0.195892
-0.200790
-0.200150
-0.191666
-0.172897
-0.148849
-0.120804
-0.097168
-0.075211
-0.061020
-0.057602
-0.058456
-0.069397
-0.090942
-0.115829
-0.141190
-0.166595
-0.186523
-0.195007
-0.197845
-0.195236
-0.180634
-0.160263
-0.132294
-0.107208
-0.084366
-0.062454
-0.052704
-0.052078
-0.054153
-0.068146
-0.091232
-0.117966
-0.142120
-0.168152
-0.186234
-0.192612
-0.194809
-0.191040
-0.174896
-0.152985
-0.125046
-0.100601
-0.077728
-0.059189
-0.052475
-0.052521
-0.058289
-0.075027
-0.099991
-0.121277
-0.129883
-0.148636
-0.178726
-0.191940
-0.199738
-0.199905
-0.195465
-0.174530
-0.157104
-0.123840
-0.105179
-0.077744
-0.061783
-0.052826
-0.052902
-0.057053
-0.077560
-0.096695
-0.127579
-0.146271
-0.175110
-0.187714
-0.194229
-0.194778
-0.187866
-0.166046
-0.147400
-0.114990
-0.096420
-0.069885
-0.058060
-0.053192
-0.053223
-0.062775
-0.078049
-0.108093
-0.137695
-0.157288
-0.184937
-0.194427
-0.200256
-0.199600
-0.189926
-0.175171
-0.147507
-0.114868
-0.096863
-0.069962
-0.057861
-0.053680
-0.053757
-0.062988
-0.078583
-0.108063
-0.128418
-0.157288
-0.184586
-0.193771
-0.199036
-0.198135
-0.187592
-0.172668
-0.144348
-0.122025
-0.094193
-0.071091
-0.061462
-0.059158
-0.061066
-0.075760
-0.093811
-0.123505
-0.143600
-0.173737
-0.189484
-0.201889
-0.204453
-0.202545
-0.186661
-0.170639
-0.138763
-0.118240
-0.091461
-0.073441
-0.058090
-0.056580
-0.057693
-0.073608
-0.091446
-0.121506
-0.141342
-0.170807
-0.184906
-0.193573
-0.195450
-0.191010
-0.171173
-0.153641
-0.120972
-0.102097
-0.074371
-0.058884
-0.050079
-0.049774
-0.054031
-0.074036
-0.093124
-0.124420
-0.143478
-0.173050
-0.186966
-0.195328
-0.196823
-0.191620
-0.179108
-0.153748
-0.120956
-0.102203
-0.075348
-0.061310
-0.053894
-0.053772
-0.060760
-0.074173
-0.103256
-0.133347
-0.152451
-0.180023
-0.190262
-0.195801
-0.195236
-0.185211
-0.170715
-0.142181
-0.120255
-0.092163
-0.064987
-0.053467
-0.049026
-0.048996
-0.058792
-0.073227
-0.103409
-0.123581
-0.152695
-0.179733
-0.190125
-0.195862
-0.195267
-0.184952
-0.170914
-0.142014
-0.120377
-0.092163
-0.073639
-0.054062
-0.050400
-0.050430
-0.060547
-0.075638
-0.106461
-0.126404
-0.155106
-0.174973
-0.192627
-0.197342
-0.197800
-0.187851
-0.173218
-0.145035
-0.122955
-0.095001
-0.078918
-0.062836
-0.060364
-0.062668
-0.077881
-0.095978
-0.125992
-0.145630
-0.175201
-0.188705
-0.197128
-0.198441
-0.193436
-0.173126
-0.155670
-0.122711
-0.103928
-0.076340
-0.060410
-0.051620
-0.051605
-0.055878
-0.067703
-0.095398
-0.126343
-0.145004
-0.174744
-0.188980
-0.196991
-0.198410
-0.193665
-0.180603
-0.155685
-0.122696
-0.103928
-0.076462
-0.060562
-0.051773
-0.051437
-0.055893
-0.067825
-0.095352
-0.116653
-0.145035
-0.174683
-0.188660
-0.196335
-0.197708
-0.192535
-0.179337
-0.154205
-0.131729
-0.102509
-0.076538
-0.063843
-0.057098
-0.057205
-0.066238
-0.081253
-0.110474
-0.130539
-0.159973
-0.178391
-0.195099
-0.199783
-0.198853
-0.186890
-0.171829
-0.142624
-0.120834
-0.093277
-0.074188
-0.053741
-0.049957
-0.049866
-0.059067
-0.074188
-0.103989
-0.124466
-0.152863
-0.172348
-0.189224
-0.192230
-0.192505
-0.181381
-0.166214
-0.136780
-0.115753
-0.087936
-0.070435
-0.055435
-0.053818
-0.055679
-0.069992
-0.088394
-0.118820
-0.138138
-0.168762
-0.185120
-0.197601
-0.200699
-0.199081
-0.190186
-0.167694
-0.135910
-0.115448
-0.088806
-0.070328
-0.055313
-0.054092
-0.055176
-0.063370
-0.088409
-0.118790
-0.138275
-0.168427
-0.185226
-0.197693
-0.200638
-0.199112
-0.190155
-0.167511
-0.147491
-0.115356
-0.089325
-0.073914
-0.061722
-0.061157
-0.065613
-0.076904
-0.104370
-0.124130
-0.153931
-0.181549
-0.193604
-0.199951
-0.200363
-0.192078
-0.178284
-0.151306
-0.128265
-0.100601
-0.082764
-0.060532
-0.055389
-0.055344
-0.063919
-0.079025
-0.108139
-0.128387
-0.157547
-0.177475
-0.195068
-0.200256
-0.200195
-0.189972
-0.175461
-0.147186
-0.124893
-0.097214
-0.078964
-0.058014
-0.053940
-0.053925
-0.063080
-0.078766
-0.108124
-0.128464
-0.157684
-0.177170
-0.194702
-0.198837
-0.199463
-0.188995
-0.174393
-0.145798
-0.123703
-0.096069
-0.077469
-0.056793
-0.053024
-0.052811
-0.056824
-0.077148
-0.107178
-0.127075
-0.156326
-0.174881
-0.190018
-0.193283
-0.192902
-0.186340
-0.164413
-0.134094
-0.113510
-0.086288
-0.068054
-0.053421
-0.052094
-0.053177
-0.061279
-0.085953
-0.106537
-0.136047
-0.166199
-0.182312
-0.193054
-0.196167
-0.193970
-0.183777
-0.160370
-0.139694
-0.108582
-0.081406
-0.062851
-0.049347
-0.047913
-0.049408
-0.057541
-0.081879
-0.102646
-0.132812
-0.151566
-0.179718
-0.191757
-0.194656
-0.193344
-0.184616
-0.161514
-0.141586
-0.110001
-0.092056
-0.068909
-0.057968
-0.057373
-0.062698
-0.074692
-0.102676
-0.122742
-0.152252
-0.172226
-0.190445
-0.194656
-0.195938
-0.186264
-0.172318
-0.143829
-0.121857
-0.094101
-0.075058
-0.052933
-0.048630
-0.047531
-0.055130
-0.069168
-0.098083
-0.119766
-0.147736
-0.168503
-0.191727
-0.197403
-0.201019
-0.199142
-0.183563
-0.158340
-0.136230
-0.106613
-0.089706
-0.069672
-0.063843
-0.063599
-0.068893
-0.089493
-0.118301
-0.138489
-0.168457
-0.184723
-0.198257
-0.200562
-0.199295
-0.190491
-0.167587
-0.147491
-0.115646
-0.088943
-0.070465
-0.055389
-0.054230
-0.055298
-0.063446
-0.088684
-0.108643
-0.138550
-0.168594
-0.185318
-0.197662
-0.200699
-0.199219
-0.190399
-0.167709
-0.147644
-0.115570
