-0.004578
-0.099472
-0.110947
-0.121124
-0.118790
-0.109833
-0.092316
-0.066452
-0.043289
-0.026825
-0.013504
-0.005142
-0.004105
-0.006760
-0.013138
-0.020920
-0.030838
-0.042862
-0.055649
-0.071838
-0.089127
-0.106339
-0.124847
-0.142410
-0.161438
-0.179657
-0.195175
-0.211288
-0.225815
-0.236389
-0.244293
-0.246750
-0.245895
-0.242355
-0.234726
-0.227051
-0.214432
-0.201904
-0.187714
-0.171997
-0.155029
-0.136047
-0.119690
-0.101395
-0.081528
-0.064285
-0.047073
-0.033966
-0.020126
-0.011200
-0.005585
-0.004471
-0.006485
-0.011261
-0.019699
-0.028839
-0.041199
-0.053146
-0.068939
-0.086777
-0.103287
-0.121948
-0.139893
-0.158600
-0.177628
-0.193146
-0.209000
-0.224121
-0.234344
-0.243134
-0.246933
-0.246262
-0.242737
-0.235611
-0.228104
-0.215973
-0.203918
-0.189377
-0.174179
-0.156982
-0.138580
-0.120468
-0.103943
-0.083862
-0.066345
-0.049881
-0.035477
-0.022507
-0.011780
-0.005859
-0.004379
-0.006119
-0.009766
-0.018478
-0.027313
-0.036835
-0.051208
-0.066055
-0.082916
-0.102707
-0.115677
-0.125366
-0.144150
-0.158371
-0.180298
-0.198029
-0.210129
-0.227280
-0.235138
-0.244125
-0.247070
-0.246078
-0.242706
-0.235413
-0.224304
-0.215408
-0.200562
-0.189194
-0.172394
-0.157608
-0.137299
-0.124374
-0.102142
-0.079880
-0.066116
-0.045502
-0.035858
-0.019974
-0.011963
-0.005096
-0.004242
-0.006332
-0.013031
-0.018951
-0.030426
-0.039734
-0.053986
-0.066513
-0.086014
-0.100204
-0.119934
-0.142136
-0.156311
-0.178604
-0.191589
-0.208923
-0.221298
-0.235153
-0.240921
-0.246994
-0.246017
-0.242981
-0.234802
-0.228546
-0.215393
-0.205719
-0.189697
-0.178101
-0.158081
-0.137054
-0.121948
-0.102707
-0.086868
-0.065826
-0.053528
-0.034760
-0.024841
-0.011948
-0.005722
-0.003998
-0.006454
-0.009918
-0.018738
-0.025879
-0.039536
-0.049683
-0.065826
-0.079330
-0.099335
-0.121201
-0.135483
-0.156403
-0.171249
-0.190903
-0.202591
-0.220886
-0.231613
-0.241272
-0.246902
-0.246826
-0.243484
-0.238174
-0.228790
-0.220245
-0.205994
-0.194977
-0.178467
-0.164185
-0.146240
-0.122482
-0.108383
-0.088348
-0.072617
-0.052170
-0.040894
-0.023865
-0.015289
-0.006577
-0.004089
-0.005447
-0.010284
-0.015961
-0.025330
-0.035049
-0.048370
-0.059921
-0.079880
-0.092621
-0.113617
-0.134842
-0.149506
-0.172531
-0.185043
-0.203110
-0.215424
-0.230759
-0.238297
-0.246597
-0.246689
-0.244904
-0.238083
-0.232346
-0.220856
-0.210709
-0.195526
-0.184784
-0.164597
-0.144501
-0.128540
-0.109604
-0.094940
-0.072098
-0.059174
-0.040558
-0.030182
-0.015808
-0.006500
-0.004395
-0.005188
-0.007874
-0.015854
-0.022278
-0.033997
-0.044006
-0.059418
-0.071899
-0.093384
-0.113831
-0.127960
-0.148682
-0.162964
-0.185623
-0.197815
-0.214600
-0.226974
-0.237900
-0.246429
-0.247040
-0.245255
-0.241867
-0.232346
-0.224960
-0.211746
-0.201431
-0.184113
-0.165070
-0.150909
-0.128799
-0.115784
-0.094421
-0.079010
-0.059860
-0.046356
-0.030258
-0.020355
-0.008575
-0.004471
-0.004608
-0.007462
-0.012650
-0.021912
-0.029556
-0.044724
-0.053528
-0.072464
-0.092850
-0.106445
-0.126907
-0.141083
-0.165039
-0.178436
-0.197296
-0.209457
-0.226227
-0.238556
-0.245087
-0.246887
-0.245712
-0.240738
-0.235046
-0.224991
-0.215378
-0.204758
-0.184113
-0.172791
-0.153992
-0.141724
-0.119034
-0.102753
-0.083313
-0.067322
-0.047363
-0.031693
-0.020676
-0.009415
-0.005341
-0.004517
-0.006149
-0.013107
-0.019089
-0.030136
-0.043015
-0.054276
-0.071533
-0.084961
-0.107437
-0.120804
-0.142456
-0.156601
-0.178802
-0.198242
-0.209030
-0.227325
-0.235718
-0.244247
-0.247223
-0.245956
-0.243103
-0.236038
-0.225464
-0.216293
-0.203796
-0.190353
-0.172623
-0.161362
-0.138031
-0.122696
-0.103119
-0.079407
-0.066238
-0.046158
-0.035492
-0.019928
-0.011383
-0.005112
-0.004181
-0.006317
-0.010132
-0.018738
-0.029999
-0.039291
-0.053131
-0.065994
-0.086380
-0.100067
-0.119949
-0.134399
-0.156158
-0.178802
-0.191162
-0.209747
-0.222366
-0.235046
-0.241714
-0.246994
-0.246582
-0.243210
-0.235367
-0.230835
-0.215775
-0.206589
-0.189728
-0.177902
-0.158432
-0.144257
-0.123352
-0.102371
-0.086304
-0.065689
-0.051788
-0.035080
-0.025375
-0.011536
-0.006851
-0.004288
-0.006500
-0.009613
-0.018158
-0.025757
-0.038544
-0.048218
-0.066223
-0.079132
-0.099960
-0.121292
-0.135178
-0.156845
-0.171814
-0.191299
-0.203568
-0.221832
-0.230804
-0.241608
-0.247025
-0.246750
-0.242966
-0.238007
-0.229736
-0.219757
-0.206253
-0.195343
-0.179031
-0.160156
-0.144348
-0.123672
-0.110413
-0.087036
-0.073059
-0.052032
-0.041122
-0.024658
-0.011551
-0.007050
-0.004211
-0.005173
-0.009171
-0.015488
-0.026016
-0.034180
-0.049332
-0.065659
-0.078842
-0.098450
-0.114304
-0.134918
-0.149750
-0.171570
-0.184769
-0.203751
-0.220825
-0.231339
-0.241013
-0.246368
-0.246841
-0.244751
-0.238419
-0.232346
-0.226654
-0.214203
-0.195969
-0.178986
-0.164703
-0.145035
-0.129059
-0.109406
-0.094650
-0.071625
-0.058884
-0.039948
-0.024902
-0.015259
-0.006744
-0.004211
-0.005249
-0.007935
-0.015839
-0.022522
-0.034531
-0.049820
-0.060196
-0.079666
-0.093292
-0.112457
-0.127701
-0.148438
-0.163727
-0.185211
-0.202774
-0.214600
-0.231354
-0.238358
-0.246140
-0.246887
-0.244781
-0.240707
-0.232330
-0.220001
-0.211685
-0.195374
-0.183640
-0.165070
-0.151062
-0.129532
-0.115860
-0.094391
-0.072388
-0.058472
-0.040375
-0.030197
-0.014709
-0.008942
-0.003860
-0.004181
-0.006409
-0.013474
-0.022247
-0.034027
-0.044067
-0.059601
-0.071411
-0.092529
-0.106873
-0.126282
-0.149429
-0.164688
-0.185364
-0.197815
-0.215942
-0.227188
-0.238419
-0.244156
-0.246780
-0.245819
-0.241211
-0.232101
-0.224442
-0.210968
-0.200470
-0.183701
-0.171753
-0.150360
-0.136139
-0.116394
-0.094376
-0.080612
-0.058624
-0.045731
-0.030197
-0.019821
-0.008835
-0.005112
-0.004425
-0.007599
-0.012772
-0.021805
-0.029877
-0.044495
-0.053421
-0.071594
