-0.097534
-0.043900
-0.040787
-0.044037
-0.058273
-0.080582
-0.109482
-0.133270
-0.158142
-0.184311
-0.201996
-0.209244
-0.211975
-0.207565
-0.192276
-0.171600
-0.143433
-0.117828
-0.096573
-0.081955
-0.076096
-0.076660
-0.084488
-0.103577
-0.129074
-0.153427
-0.170578
-0.178314
-0.179047
-0.173874
-0.157516
-0.134384
-0.107620
-0.086060
-0.073044
-0.067490
-0.068390
-0.077972
-0.097794
-0.124023
-0.148285
-0.167358
-0.177460
-0.178802
-0.175812
-0.161133
-0.139725
-0.112122
-0.090164
-0.077118
-0.071136
-0.071579
-0.080841
-0.099976
-0.125641
-0.150269
-0.169037
-0.178482
-0.179749
-0.176727
-0.161469
-0.139862
-0.112335
-0.090103
-0.075592
-0.069443
-0.069199
-0.077316
-0.095825
-0.121567
-0.146210
-0.165863
-0.176880
-0.178879
-0.176788
-0.162643
-0.142273
-0.114426
-0.091766
-0.076569
-0.069595
-0.068710
-0.075943
-0.093384
-0.118759
-0.143631
-0.163879
-0.175522
-0.177811
-0.176208
-0.162735
-0.142868
-0.115189
-0.091675
-0.075714
-0.067993
-0.066727
-0.072952
-0.089752
-0.114822
-0.140076
-0.162003
-0.174545
-0.177902
-0.177155
-0.165466
-0.146362
-0.119370
-0.095673
-0.079971
-0.072327
-0.071045
-0.077209
-0.093567
-0.118942
-0.143707
-0.165497
-0.178955
-0.181839
-0.181534
-0.170456
-0.151154
-0.124924
-0.099701
-0.082550
-0.073700
-0.071426
-0.075531
-0.089600
-0.112396
-0.119812
-0.139221
-0.165405
-0.176880
-0.181473
-0.181488
-0.171143
-0.156631
-0.127670
-0.097870
-0.083542
-0.072098
-0.069550
-0.073288
-0.083252
-0.110016
-0.130142
-0.158676
-0.177338
-0.181259
-0.181915
-0.177505
-0.157120
-0.138992
-0.107925
-0.091812
-0.078491
-0.075348
-0.077423
-0.091904
-0.110092
-0.139877
-0.159546
-0.180298
-0.185211
-0.186935
-0.184326
-0.166122
-0.138428
-0.116470
-0.091751
-0.081848
-0.074905
-0.075378
-0.085007
-0.099991
-0.129593
-0.148972
-0.172409
-0.181152
-0.182007
-0.177307
-0.164566
-0.138611
-0.116638
-0.091522
-0.081802
-0.074921
-0.076996
-0.084976
-0.109802
-0.129562
-0.158661
-0.172318
-0.181122
-0.182053
-0.177231
-0.164597
-0.138519
-0.107513
-0.091507
-0.078217
-0.075012
-0.077042
-0.084946
-0.109863
-0.129532
-0.158569
-0.177078
-0.181122
-0.181717
-0.177338
-0.156815
-0.138672
-0.107239
-0.089661
-0.071060
-0.065338
-0.064835
-0.074905
-0.089752
-0.119873
-0.139435
-0.161987
-0.169983
-0.172226
-0.170700
-0.154984
-0.128113
-0.107697
-0.081726
-0.071182
-0.063995
-0.064743
-0.074982
-0.089935
-0.119598
-0.139587
-0.165573
-0.179794
-0.181885
-0.180710
-0.171417
-0.148270
-0.127640
-0.098633
-0.086029
-0.076080
-0.075317
-0.080338
-0.100189
-0.119629
-0.149094
-0.166046
-0.179749
-0.181900
-0.180771
-0.171524
-0.148239
-0.116714
-0.098770
-0.081573
-0.076050
-0.075317
-0.080246
-0.099991
-0.119644
-0.149124
-0.172318
-0.179626
-0.182022
-0.180573
-0.164474
-0.148087
-0.116592
-0.097748
-0.075729
-0.067444
-0.064072
-0.069626
-0.081131
-0.109406
-0.129623
-0.154984
-0.166473
-0.172073
-0.171875
-0.161285
-0.138062
-0.117432
-0.089340
-0.076096
-0.064774
-0.063843
-0.069611
-0.081406
-0.109238
-0.129700
-0.158249
-0.176315
-0.180527
-0.181122
-0.176025
-0.155502
-0.137253
-0.106186
-0.090118
-0.077042
-0.073532
-0.075485
-0.090103
-0.108307
-0.137863
-0.157013
-0.175568
-0.179657
-0.180359
-0.175934
-0.155350
-0.126389
-0.106110
-0.084259
-0.076431
-0.072739
-0.074661
-0.088898
-0.107056
-0.136551
-0.162949
-0.174164
-0.179108
-0.179169
-0.168610
-0.154160
-0.124924
-0.104630
-0.083084
-0.075226
-0.071609
-0.076904
-0.087814
-0.116257
-0.135834
-0.165192
-0.178879
-0.186844
-0.188171
-0.183823
-0.171265
-0.144989
-0.113373
-0.097702
-0.084595
-0.080307
-0.082306
-0.090668
-0.114319
-0.133926
-0.163574
-0.181686
-0.185379
-0.186447
-0.182205
-0.161606
-0.143372
-0.111771
-0.094818
-0.079773
-0.074844
-0.076324
-0.088058
-0.104980
-0.134583
-0.154160
-0.177383
-0.183975
-0.186325
-0.184753
-0.168777
-0.142410
-0.120529
-0.095230
-0.085831
-0.078613
-0.079239
-0.089142
-0.104233
-0.133072
-0.162750
-0.176422
-0.184433
-0.185806
-0.181229
-0.168640
-0.142365
-0.120560
-0.093811
-0.082001
-0.073364
-0.073761
-0.079742
-0.101410
-0.121643
-0.150375
-0.165756
-0.177094
-0.178406
-0.175308
-0.156921
-0.139542
-0.107742
-0.089981
-0.072021
-0.066132
-0.065521
-0.070511
-0.090637
-0.110306
-0.140015
-0.162842
-0.170792
-0.173004
-0.171570
-0.155594
-0.139038
-0.108170
-0.090134
-0.072174
-0.064728
-0.065643
-0.075775
-0.090668
-0.120422
-0.140274
-0.165741
-0.176163
-0.180634
-0.180298
-0.168228
-0.144760
-0.123322
-0.094849
-0.082123
-0.071976
-0.070694
-0.076096
-0.087463
-0.115814
-0.145111
-0.161896
-0.175934
-0.178024
-0.176834
-0.167358
-0.144592
-0.123581
-0.094894
-0.082062
-0.072189
-0.071198
-0.076019
-0.095886
-0.115692
-0.145065
-0.161774
-0.175858
-0.177979
-0.176849
-0.160675
-0.144516
-0.112747
-0.094299
-0.075333
-0.068893
-0.066956
-0.070694
-0.089081
-0.108353
-0.138306
-0.164429
-0.175705
-0.180679
-0.180649
-0.170242
-0.155716
-0.126495
-0.106277
-0.085022
-0.074875
-0.073807
-0.079163
-0.090210
-0.118744
-0.138199
-0.164658
-0.175919
-0.180725
-0.180710
-0.170563
-0.147308
-0.126816
-0.097366
-0.083450
-0.072266
-0.070038
-0.074097
-0.084259
-0.111526
-0.141068
-0.160309
-0.178848
-0.182617
-0.183411
-0.179306
-0.158615
-0.140259
-0.109085
-0.092453
-0.077972
-0.073639
-0.075256
-0.088089
-0.105637
-0.135193
-0.153870
-0.172668
-0.177109
-0.177673
-0.167175
-0.152847
-0.123230
-0.103012
-0.080765
-0.072144
-0.067612
-0.069351
-0.082947
-0.100235
-0.130402
-0.159393
-0.173065
-0.181686
-0.182388
-0.178085
-0.165329
-0.139099
-0.117233
-0.092148
-0.078674
-0.075684
-0.077621
-0.085632
-0.110443
-0.130051
-0.159149
-0.173111
-0.181580
-0.182266
-0.178131
-0.157455
-0.139175
-0.107849
-0.091187
-0.075851
-0.071793
-0.072586
-0.079407
-0.101730
-0.131866
-0.151047
-0.174622
