-0.181808
-0.183273
-0.175430
-0.157242
-0.132553
-0.108322
-0.095444
-0.090393
-0.090683
-0.099197
-0.118500
-0.141571
-0.159592
-0.168015
-0.168365
-0.163727
-0.147797
-0.124222
-0.101913
-0.088882
-0.083832
-0.085129
-0.094482
-0.114365
-0.138809
-0.157654
-0.168549
-0.170029
-0.167480
-0.153671
-0.131363
-0.107574
-0.092392
-0.086090
-0.085968
-0.092972
-0.110779
-0.135117
-0.153259
-0.163620
-0.164520
-0.161316
-0.146652
-0.124008
-0.100174
-0.084427
-0.077744
-0.077698
-0.084198
-0.102127
-0.126862
-0.146194
-0.159271
-0.162140
-0.160675
-0.147766
-0.127243
-0.103683
-0.089127
-0.083282
-0.083435
-0.091354
-0.110077
-0.134811
-0.155380
-0.168030
-0.170517
-0.169495
-0.157150
-0.136902
-0.112122
-0.096527
-0.090042
-0.089325
-0.095322
-0.112732
-0.136078
-0.156998
-0.169708
-0.171585
-0.170532
-0.157516
-0.137070
-0.111420
-0.095245
-0.088226
-0.087021
-0.092545
-0.108704
-0.132324
-0.152420
-0.164566
-0.166306
-0.164658
-0.151810
-0.130081
-0.105682
-0.089081
-0.081039
-0.080154
-0.085663
-0.101608
-0.126221
-0.147675
-0.162079
-0.166092
-0.165649
-0.155334
-0.135849
-0.111237
-0.093430
-0.084381
-0.082764
-0.087158
-0.101578
-0.125717
-0.147415
-0.161911
-0.165848
-0.165588
-0.156158
-0.136856
-0.112076
-0.094620
-0.085526
-0.084015
-0.088425
-0.102768
-0.126343
-0.148605
-0.163361
-0.167572
-0.167404
-0.157730
-0.138931
-0.113693
-0.095184
-0.084824
-0.082336
-0.085648
-0.098816
-0.121689
-0.143616
-0.158508
-0.163589
-0.163208
-0.154129
-0.135315
-0.111176
-0.091110
-0.079865
-0.077927
-0.080307
-0.092789
-0.115494
-0.139191
-0.156357
-0.164124
-0.164398
-0.158875
-0.142105
-0.118576
-0.099411
-0.089310
-0.087128
-0.090408
-0.103546
-0.126328
-0.149414
-0.164841
-0.170410
-0.170395
-0.162170
-0.144913
-0.119186
-0.098907
-0.088684
-0.084702
-0.084625
-0.086975
-0.101685
-0.119125
-0.147232
-0.161194
-0.170609
-0.171066
-0.166275
-0.146683
-0.127701
-0.100815
-0.090897
-0.084457
-0.085022
-0.095016
-0.109909
-0.137817
-0.158295
-0.164612
-0.165421
-0.162476
-0.143951
-0.125793
-0.099823
-0.089310
-0.083496
-0.083847
-0.094009
-0.118576
-0.137726
-0.160278
-0.168442
-0.170746
-0.169403
-0.153793
-0.137207
-0.107712
-0.090073
-0.085052
-0.084366
-0.089188
-0.109268
-0.127945
-0.149994
-0.158371
-0.160736
-0.155243
-0.142715
-0.116943
-0.098862
-0.083679
-0.080383
-0.081436
-0.088959
-0.112137
-0.131302
-0.155167
-0.166580
-0.167480
-0.164215
-0.153091
-0.127472
-0.108231
-0.090637
-0.085571
-0.084930
-0.094818
-0.109451
-0.138077
-0.154251
-0.168961
-0.171036
-0.169846
-0.160492
-0.137558
-0.116974
-0.095337
-0.086365
-0.084991
-0.090973
-0.102921
-0.129715
-0.144226
-0.156357
-0.157959
-0.154495
-0.136261
-0.118851
-0.092224
-0.081711
-0.076660
-0.076782
-0.086761
-0.102097
-0.131104
-0.146606
-0.161942
-0.164093
-0.162491
-0.146790
-0.129898
-0.101257
-0.088104
-0.077805
-0.077225
-0.082169
-0.102112
-0.121658
-0.146545
-0.158417
-0.164124
-0.163757
-0.153503
-0.138840
-0.110947
-0.096344
-0.084717
-0.083298
-0.086945
-0.104797
-0.123474
-0.151047
-0.164017
-0.171844
-0.172150
-0.165253
-0.144516
-0.124725
-0.103424
-0.097137
-0.094864
-0.097107
-0.113968
-0.131134
-0.155624
-0.166702
-0.170471
-0.168121
-0.157379
-0.133301
-0.112671
-0.090622
-0.083115
-0.079681
-0.081833
-0.096695
-0.114594
-0.142441
-0.161377
-0.166245
-0.166351
-0.161774
-0.141968
-0.122955
-0.099289
-0.091248
-0.087448
-0.091858
-0.102585
-0.128983
-0.147476
-0.166489
-0.171188
-0.171448
-0.166916
-0.147156
-0.117508
-0.101273
-0.088409
-0.085159
-0.086990
-0.095596
-0.119431
-0.138351
-0.159607
-0.166336
-0.167465
-0.160599
-0.147491
-0.119675
-0.104050
-0.091583
-0.089020
-0.091522
-0.100616
-0.125336
-0.153305
-0.166397
-0.174042
-0.174423
-0.168228
-0.155319
-0.127792
-0.108627
-0.091354
-0.086502
-0.085876
-0.096130
-0.111130
-0.138489
-0.152069
-0.162415
-0.162811
-0.157730
-0.145004
-0.119110
-0.092484
-0.081711
-0.076263
-0.076569
-0.085556
-0.100693
-0.129776
-0.145020
-0.160461
-0.162857
-0.161209
-0.145111
-0.128586
-0.101135
-0.090149
-0.083038
-0.082932
-0.091629
-0.105316
-0.133667
-0.156219
-0.164490
-0.166458
-0.165390
-0.149597
-0.132629
-0.104355
-0.092224
-0.083847
-0.083054
-0.089935
-0.111038
-0.130173
-0.151047
-0.158005
-0.160492
-0.157730
-0.140213
-0.123154
-0.095154
-0.079758
-0.076675
-0.077560
-0.083954
-0.107071
-0.126511
-0.151260
-0.162231
-0.166595
-0.166260
-0.154678
-0.130264
-0.111176
-0.094009
-0.089417
-0.088821
-0.093964
-0.114136
-0.132736
-0.157990
-0.171051
-0.172302
-0.170486
-0.159790
-0.136063
-0.115005
-0.095566
-0.089813
-0.087616
-0.090775
-0.108398
-0.135437
-0.151657
-0.165726
-0.167282
-0.165680
-0.155884
-0.131989
-0.112061
-0.090088
-0.082016
-0.078903
-0.084167
-0.095520
-0.123398
-0.141479
-0.160385
-0.165253
-0.165344
-0.160904
-0.140869
-0.112473
-0.098251
-0.087708
-0.085815
-0.090271
-0.100616
-0.127197
-0.145599
-0.164459
-0.169800
-0.169647
-0.159149
-0.145203
-0.115692
-0.100082
-0.088058
-0.085190
-0.087845
-0.096909
-0.121750
-0.146744
-0.157715
-0.162811
-0.162537
-0.150742
-0.135956
-0.107620
-0.090775
-0.076859
-0.074051
-0.075943
-0.090317
-0.108795
-0.136581
-0.150055
-0.160599
-0.161530
-0.155670
-0.143600
-0.117676
-0.097305
-0.091766
-0.090454
-0.093964
-0.112122
-0.130310
-0.157745
-0.170242
-0.176163
-0.175842
-0.168335
-0.146881
-0.126297
-0.099640
-0.090012
-0.083527
-0.083984
-0.094086
-0.108887
-0.136841
-0.157272
-0.163742
-0.164429
-0.162018
-0.143280
-0.125443
-0.099442
-0.089157
-0.083160
-0.085571
-0.094055
-0.118378
-0.137482
-0.157852
-0.164352
-0.165131
-0.162720
-0.144302
-0.126297
-0.099457
-0.085159
-0.081711
-0.083313
-0.091309
-0.114502
-0.134003
-0.156723
-0.164627
-0.166382
-0.162079
-0.149780
-0.122986
-0.105667
