0.412488
0.493717
0.573559
0.651518
0.725595
0.793893
0.854662
0.906347
0.947623
0.977432
0.995012
0.999911
0.992005
0.971495
0.939658
0.895078
0.842274
0.778438
0.708616
0.633451
0.554867
0.474878
0.395532
0.318862
0.246833
0.181288
0.123908
0.076996
0.039272
0.014558
0.001541
0.001667
0.014558
0.039884
0.076996
0.124944
0.182500
0.248188
0.320327
0.397069
0.476447
0.556428
0.634964
0.710043
0.779741
0.842274
0.896038
0.939658
0.972016
0.992282
0.999938
0.994788
0.976963
0.946921
0.905430
0.853553
0.792620
0.724192
0.650020
0.572005
0.492146
0.414035
0.335072
0.263263
0.194789
0.135516
0.085579
0.046258
0.018986
0.003194
0.000555
0.010710
0.032836
0.068038
0.113744
0.169344
0.233414
0.304313
0.380225
0.457639
0.539230
0.618249
0.694240
0.765256
0.828293
0.885257
0.931168
0.965464
0.988965
0.999287
0.996980
0.981862
0.955053
0.915298
0.865558
0.806454
0.739499
0.667890
0.589058
0.509424
0.429549
0.351479
0.277214
0.208655
0.147559
0.095492
0.053786
0.023989
0.005441
0.000039
0.007445
0.027468
0.059596
0.103005
0.156583
0.217661
0.288533
0.362014
0.442011
0.521984
0.601394
0.678206
0.750453
0.816285
0.874015
0.922164
0.959499
0.985063
0.998202
0.998579
0.986185
0.961336
0.925497
0.877126
0.819921
0.754521
0.682601
0.606004
0.526691
0.446694
0.368063
0.292812
0.222868
0.160023
0.105887
0.061847
0.029030
0.008277
0.000121
0.004769
0.022103
0.051679
0.092740
0.144232
0.204838
0.273005
0.346986
0.423335
0.504712
0.584417
0.661959
0.733965
0.802716
0.862327
0.911766
0.951742
0.980583
0.996441
0.999583
0.989928
0.967722
0.933535
0.888243
0.833006
0.769238
0.698574
0.622823
0.543926
0.465470
0.384805
0.308658
0.237413
0.172894
0.116753
0.071237
0.035112
0.011701
0.000890
0.002685
0.017309
0.043654
0.082961
0.132306
0.191070
0.257748
0.330631
0.407853
0.487435
0.567339
0.645518
0.719970
0.788786
0.850206
0.902654
0.944068
0.975040
0.994087
0.999990
0.993085
0.973549
0.941883
0.898897
0.845693
0.783634
0.714310
0.639496
0.561108
0.482725
0.401685
0.324733
0.252271
0.186154
0.128077
0.079528
0.041749
0.015708
0.002074
0.001194
0.013091
0.037461
0.073680
0.120819
0.176472
0.242780
0.314478
0.390928
0.470173
0.550181
0.628904
0.704325
0.774511
0.837666
0.892172
0.936631
0.969367
0.991144
0.999800
0.995654
0.978811
0.949703
0.909075
0.859063
0.797692
0.729790
0.656002
0.579768
0.500000
0.418681
0.341017
0.267424
0.199790
0.139845
0.090024
0.048933
0.020294
0.003943
0.000299
0.009455
0.031177
0.064908
0.109785
0.164657
0.228120
0.297110
0.374134
0.452946
0.532963
0.612135
0.686980
0.759909
0.824724
0.881221
0.927953
0.963723
0.987613
0.999013
0.997631
0.983501
0.956985
0.918764
0.869816
0.811394
0.744996
0.672321
0.595233
0.515705
0.435775
0.357490
0.282856
0.213784
0.152044
0.099217
0.056656
0.025452
0.006657
0.000000
0.006404
0.025452
0.056656
0.099217
0.152044
0.213784
0.282856
0.357490
0.435775
0.515705
0.593691
0.672321
0.744996
0.811394
0.868757
0.917904
0.956985
0.983501
0.997631
0.999013
0.987613
0.963723
0.928763
0.881221
0.824724
0.759909
0.688435
0.612135
0.532963
0.452946
0.374134
0.298547
0.228120
0.164657
0.109785
0.064908
0.031177
0.009455
0.000299
0.003943
0.020294
0.048933
0.088234
0.139845
0.199790
0.267424
0.341017
0.418681
0.498429
0.578217
0.656002
0.729790
0.797692
0.857968
0.909075
0.949703
0.978356
0.995654
0.999800
0.991436
0.969906
0.936631
0.892172
0.837666
0.775823
0.704325
0.630421
0.550181
0.470173
0.390928
0.314478
0.242780
0.177671
0.120819
0.073680
0.037461
0.013091
0.001194
0.002074
0.015708
0.041749
0.079528
0.128077
0.184933
0.252271
0.324733
0.401685
0.481155
0.561108
0.637986
0.712890
0.783634
0.845693
0.898897
0.941883
0.973549
0.993085
0.999978
0.994326
0.975528
0.944788
0.902654
0.851325
0.788786
0.719970
0.645518
0.567339
0.487435
0.407853
0.330631
0.259123
0.192307
0.132306
0.083829
0.044298
0.017309
0.002685
0.000799
0.011366
0.035112
0.070431
0.116753
0.172894
0.237413
0.308658
0.384805
0.463903
0.543926
0.622823
0.698574
0.767913
0.833006
0.888243
0.932751
0.967722
0.989928
0.999583
0.996441
0.980583
0.952413
0.912655
0.862327
0.802716
0.735352
0.663444
0.584417
0.504712
0.424887
0.346986
0.274405
0.204838
0.144232
0.092740
0.051679
0.022103
0.004769
0.000121
0.008277
0.029030
0.061847
0.105887
0.160023
0.222868
0.292812
0.368063
0.446694
0.526691
0.606004
0.682601
0.754521
0.819921
0.877126
0.924670
0.961336
0.986185
0.998579
0.998202
0.985442
0.959499
0.922164
0.874015
0.816285
0.750453
0.678206
0.601394
0.521984
0.442011
0.363524
0.288533
0.218958
0.156583
0.103005
0.059596
0.027468
0.007718
0.000039
0.005441
0.023510
0.053786
0.095492
0.147559
0.208655
0.277214
0.351479
0.429549
0.509424
0.589058
0.666410
0.739499
0.806454
0.864484
0.915298
0.954400
0.981440
0.996980
0.999368
0.988965
0.966036
0.931168
0.885257
0.829476
0.765256
0.694240
0.618249
0.539230
0.459205
0.380225
0.304313
0.233414
0.169344
0.113744
0.068038
0.033398
0.010710
0.000555
0.003194
0.018560
0.046258
0.085579
0.135516
0.194789
0.261881
0.335072
0.412488
0.492146
0.572005
0.650020
0.724192
0.792620
0.853553
0.905430
0.946921
0.976490
0.994788
0.999938
0.992282
0.972016
0.939658
0.896038
0.843417
0.779741
0.710043
0.634964
0.556428
