0.492146
0.779481
0.968495
0.984213
0.825917
0.550493
0.256924
0.050710
0.005961
0.138758
0.401377
0.699439
0.925827
0.999183
0.893144
0.645819
0.351779
0.101672
0.000404
0.078680
0.302869
0.606924
0.867055
0.995274
0.945503
0.735629
0.441075
0.167698
0.013742
0.034536
0.222607
0.510366
0.794401
0.972634
0.982609
0.816528
0.538290
0.246291
0.045469
0.006967
0.147336
0.413417
0.710613
0.932120
0.998333
0.885457
0.634056
0.340123
0.094386
0.000062
0.085403
0.319741
0.618860
0.875263
0.996806
0.939808
0.724753
0.428927
0.158644
0.011035
0.039150
0.232883
0.522612
0.804215
0.976490
0.977525
0.806950
0.526063
0.240897
0.040501
0.010325
0.156127
0.425508
0.721661
0.938153
0.997184
0.877538
0.627993
0.322969
0.087345
0.000019
0.092375
0.331222
0.630724
0.883246
0.998039
0.933848
0.713742
0.422714
0.149794
0.008622
0.044040
0.243319
0.534843
0.809177
0.980059
0.973750
0.797187
0.513821
0.225489
0.035809
0.012949
0.165124
0.437645
0.727275
0.943924
0.995736
0.869392
0.610298
0.311565
0.080551
0.000277
0.099592
0.337150
0.642510
0.891000
0.998973
0.927628
0.702603
0.410633
0.141156
0.006505
0.049204
0.253910
0.541108
0.823288
0.983340
0.969691
0.787246
0.501571
0.215332
0.033511
0.015865
0.174321
0.449819
0.738119
0.949428
0.993991
0.861025
0.598315
0.300273
0.074009
0.000835
0.107050
0.354482
0.654210
0.898518
0.999608
0.921151
0.696843
0.392769
0.132732
0.004683
0.054639
0.264648
0.559237
0.832537
0.986331
0.965349
0.777132
0.489319
0.205345
0.027263
0.019072
0.183715
0.462023
0.753980
0.954662
0.992981
0.852441
0.586274
0.289102
0.070753
0.001693
0.114743
0.366246
0.665817
0.905797
0.999943
0.914421
0.679966
0.380835
0.124529
0.003864
0.060342
0.275528
0.571384
0.841586
0.987752
0.960728
0.766852
0.477074
0.195536
0.025254
0.022568
0.193298
0.474250
0.764456
0.959623
0.989611
0.843645
0.574181
0.278058
0.061695
0.002850
0.122668
0.378091
0.677325
0.912833
0.999978
0.910873
0.668482
0.368973
0.116552
0.001933
0.066308
0.286542
0.583488
0.850430
0.991436
0.955831
0.756411
0.464843
0.185910
0.019853
0.026350
0.203066
0.486493
0.769768
0.964308
0.986980
0.834643
0.562043
0.267146
0.055932
0.004305
0.130819
0.384194
0.688726
0.919620
0.999712
0.900219
0.656897
0.357189
0.108805
0.001006
0.072535
0.297685
0.595542
0.859063
0.993546
0.950660
0.745817
0.452633
0.176472
0.016579
0.030417
0.208144
0.498743
0.784927
0.968714
0.984056
0.825440
0.549868
0.256375
0.050435
0.006058
0.139192
0.401993
0.700015
0.926156
0.999147
0.892756
0.650919
0.351179
0.101292
0.000379
0.079018
0.308949
0.607538
0.867481
0.995360
0.945218
0.735075
0.440451
0.167228
0.013596
0.034766
0.223130
0.510995
0.794908
0.970865
0.980842
0.816042
0.537663
0.245750
0.045208
0.008107
0.147782
0.408162
0.711183
0.932436
0.998281
0.885056
0.639194
0.339528
0.094019
0.000052
0.085755
0.320327
0.619470
0.875678
0.996876
0.939508
0.724192
0.428306
0.158185
0.010904
0.039394
0.233414
0.523239
0.804713
0.976680
0.977339
0.806454
0.525436
0.235277
0.040254
0.010452
0.156583
0.426130
0.722224
0.938456
0.997117
0.877126
0.621604
0.322381
0.086990
0.000025
0.092740
0.331814
0.631330
0.883650
0.998094
0.933535
0.713174
0.416203
0.149346
0.009638
0.044298
0.243859
0.535470
0.814335
0.980234
0.973549
0.796681
0.513193
0.224964
0.035576
0.013091
0.165590
0.432350
0.733132
0.944212
0.995654
0.868969
0.609685
0.310983
0.080209
0.000299
0.099969
0.343402
0.643112
0.891391
0.998603
0.927302
0.702028
0.404150
0.140718
0.006404
0.046920
0.254457
0.547680
0.823767
0.983501
0.969475
0.786731
0.500942
0.214815
0.031177
0.016022
0.174798
0.450444
0.743899
0.949703
0.993893
0.860590
0.597699
0.299698
0.073680
0.000872
0.107439
0.355083
0.654807
0.898897
0.999633
0.920812
0.690761
0.392155
0.132306
0.004598
0.052237
0.265203
0.559860
0.833006
0.986477
0.965119
0.776609
0.488691
0.204838
0.027059
0.017638
0.184202
0.462650
0.749365
0.954923
0.991836
0.851995
0.585655
0.288533
0.067407
0.001745
0.115144
0.366852
0.666410
0.906164
0.999952
0.917386
0.679379
0.380225
0.124115
0.003089
0.060641
0.276089
0.572005
0.842044
0.987890
0.962777
0.766320
0.476447
0.195038
0.023226
0.022755
0.193795
0.474878
0.764989
0.959870
0.989484
0.843189
0.573559
0.277495
0.061393
0.002917
0.123081
0.378700
0.677912
0.913187
0.999971
0.907078
0.667890
0.368367
0.120001
0.001878
0.063675
0.287110
0.584107
0.846600
0.991551
0.955572
0.755871
0.464216
0.185421
0.019678
0.026552
0.203572
0.481155
0.775299
0.964540
0.986837
0.834176
0.567339
0.266591
0.055643
0.004388
0.131243
0.390622
0.689308
0.919962
0.999691
0.899842
0.656300
0.356587
0.108414
0.000967
0.072861
0.298259
0.596158
0.855326
0.993646
0.950387
0.750453
0.457952
0.175993
0.016419
0.030633
0.213526
0.499372
0.785443
0.968932
0.983899
0.829476
0.549243
0.255826
0.050160
0.006156
0.139628
0.402609
0.700590
0.926484
0.999110
0.892367
0.644616
0.350580
0.100913
0.000355
0.079358
0.309529
0.608152
0.867907
0.995445
0.944931
0.734520
0.439828
0.166760
0.013451
0.032836
0.223653
0.511623
0.795416
0.973043
0.980669
0.815555
0.537037
0.245209
0.044947
0.008221
0.148228
0.414654
0.711752
0.932751
0.998695
0.884655
0.632845
0.338933
0.093653
0.000044
0.086107
0.320914
0.614277
0.876092
0.996946
0.939209
0.723630
0.427684
0.157726
0.010774
0.039639
0.233946
0.517903
0.805211
0.975040
0.977151
0.805957
0.524808
0.234744
0.040007
0.010581
0.157040
0.426751
0.722786
0.938757
0.997049
0.876713
0.620995
0.321794
0.086636
0.000032
0.093104
0.332406
0.631937
0.884052
0.998149
0.933222
0.712605
0.415583
0.148899
0.008392
0.044557
0.244398
0.536097
0.814823
0.980409
0.973347
0.800963
0.512565
0.229439
0.035343
0.013234
0.166058
0.438892
0.728394
0.944501
0.996328
0.868544
0.609072
0.315938
0.079868
0.000321
0.100346
0.343998
0.643714
0.888045
0.999052
0.926975
0.701453
0.403534
0.140282
0.006304
0.049750
0.255004
0.548305
0.824246
0.983660
0.969259
0.786216
0.500314
0.214299
0.030959
0.016181
0.175276
0.451070
0.744448
0.949977
0.993795
0.860155
0.597083
0.299122
0.073352
0.000909
0.107828
0.355685
0.655405
0.899276
0.999656
0.920472
0.690180
0.391542
0.131881
0.004513
0.052517
0.260501
0.560484
0.833474
0.986622
0.967052
0.776085
0.488063
0.204331
0.026856
0.019417
0.184689
0.463276
0.755061
0.955183
0.992769
0.855768
0.585036
0.287964
0.067092
0.001798
0.115546
0.367458
0.667002
0.906530
0.999961
0.913717
0.678793
0.385417
0.123701
0.003020
0.060942
0.276651
0.572627
0.842502
0.988027
0.960239
0.765788
0.475819
0.194540
0.024862
0.022943
0.189590
0.475505
0.765522
0.960116
0.989355
0.842731
0.572938
