0.048258
0.150019
0.294816
0.468291
0.642510
0.799204
0.919107
0.987474
0.995898
0.943344
0.836274
0.687853
0.516333
0.342805
0.188606
0.072698
0.009334
0.005769
0.063982
0.175276
0.326499
0.499058
0.671731
0.820644
0.935092
0.993394
0.991026
0.928278
0.812866
0.662256
0.485551
0.313895
0.165124
0.057531
0.004346
0.012110
0.079868
0.199288
0.352379
0.529827
0.700302
0.846147
0.949428
0.997444
0.984292
0.913540
0.788273
0.629511
0.454823
0.285690
0.142910
0.044040
0.001238
0.019766
0.097346
0.224439
0.382056
0.560484
0.728114
0.867694
0.962060
0.999608
0.975722
0.893338
0.762587
0.599547
0.424266
0.258298
0.122050
0.032278
0.000019
0.029241
0.116350
0.250635
0.415583
0.590912
0.755061
0.887847
0.971808
0.999879
0.965349
0.873598
0.735906
0.569206
0.393996
0.231821
0.102623
0.022289
0.000696
0.040501
0.136809
0.277776
0.446070
0.620995
0.781042
0.906530
0.982029
0.998532
0.953213
0.852441
0.711467
0.538603
0.364129
0.206362
0.084702
0.014110
0.003266
0.051958
0.156127
0.305760
0.473309
0.650619
0.805957
0.923672
0.989290
0.994743
0.940998
0.829948
0.679966
0.507854
0.338041
0.182015
0.068355
0.007773
0.007718
0.068197
0.181772
0.331222
0.507540
0.679673
0.829712
0.937547
0.994697
0.990053
0.923839
0.806205
0.650919
0.477074
0.306049
0.158873
0.053644
0.003302
0.014036
0.084527
0.206107
0.363826
0.538290
0.708045
0.849757
0.953080
0.998229
0.982113
0.906713
0.781301
0.621300
0.446382
0.278058
0.137025
0.040625
0.000713
0.022196
0.102433
0.231556
0.393689
0.568895
0.735629
0.873389
0.965234
0.999872
0.973043
0.888045
0.755331
0.591221
0.415893
0.250907
0.116552
0.029347
0.000017
0.032167
0.121845
0.258023
0.423956
0.599239
0.762320
0.893144
0.975625
0.999621
0.962180
0.867907
0.728394
0.560796
0.385723
0.224701
0.097532
0.020829
0.001216
0.042506
0.142690
0.285406
0.454510
0.629207
0.788016
0.909436
0.983340
0.997476
0.951067
0.846374
0.700590
0.530141
0.359298
0.199539
0.080038
0.012179
0.004305
0.057384
0.164890
0.313603
0.485237
0.658685
0.812621
0.928115
0.990966
0.993445
0.935247
0.826155
0.672027
0.502827
0.326794
0.175515
0.064136
0.006354
0.009273
0.072535
0.188360
0.342507
0.516019
0.687562
0.836041
0.943199
0.995858
0.987544
0.919278
0.799456
0.642811
0.468605
0.301426
0.152721
0.049886
0.002400
0.016101
0.087345
0.213012
0.372007
0.546741
0.715728
0.855768
0.956602
0.998870
0.980756
0.901721
0.774249
0.613054
0.437957
0.273565
0.133586
0.037342
0.000332
0.024764
0.107633
0.238751
0.401993
0.577286
0.743076
0.878976
0.968275
0.999992
0.970227
0.882641
0.748002
0.582868
0.407544
0.243589
0.113345
0.026552
0.000158
0.035227
0.127448
0.265480
0.432350
0.607538
0.769503
0.898328
0.978173
0.999218
0.958877
0.862110
0.720816
0.552368
0.377482
0.217661
0.092557
0.017556
0.001878
0.047453
0.148675
0.293098
0.462963
0.637382
0.794908
0.916171
0.986258
0.996553
0.945788
0.840207
0.692792
0.521670
0.347884
0.192802
0.075496
0.011101
0.005487
0.061393
0.168638
0.321501
0.493717
0.666706
0.819196
0.932436
0.992501
0.992609
0.931009
0.817014
0.664038
0.490890
0.318862
0.171707
0.060043
0.005077
0.010970
0.075164
0.195038
0.350580
0.521042
0.695398
0.842274
0.947061
0.996876
0.985592
0.914597
0.792620
0.634662
0.460144
0.290527
0.146669
0.047720
0.001642
0.017391
0.094203
0.219999
0.376873
0.551743
0.723349
0.861676
0.959993
0.999368
0.977339
0.896613
0.767117
0.604775
0.429549
0.262987
0.125568
0.034192
0.000095
0.026350
0.112947
0.246020
0.406927
0.585655
0.747456
0.884454
0.971181
0.999968
0.967276
0.877126
0.740601
0.574492
0.399222
0.236344
0.105887
0.024959
0.000443
0.037104
0.133159
0.273005
0.437333
0.615806
0.776609
0.903398
0.980583
0.998673
0.955443
0.856209
0.716295
0.543926
0.369276
0.210701
0.089665
0.015397
0.002685
0.051125
0.154761
0.300850
0.471427
0.645518
0.801715
0.920812
0.988163
0.995487
0.943489
0.833942
0.684938
0.513193
0.339826
0.188852
0.071075
0.008739
0.006811
0.065529
0.175037
0.326205
0.498743
0.674679
0.825679
0.936631
0.993893
0.990423
0.926648
0.810410
0.656002
0.482411
0.310983
0.162797
0.056076
0.003943
0.012807
0.081580
0.201804
0.358695
0.532963
0.703177
0.848407
0.950796
0.997751
0.983501
0.909796
0.785701
0.626474
0.451695
0.282856
0.143130
0.042760
0.001260
0.020650
0.099217
0.227066
0.388477
0.563602
0.730905
0.869816
0.963251
0.999596
0.974746
0.891391
0.762855
0.596466
0.421162
0.255552
0.122256
0.031177
0.000022
0.030309
0.118372
0.253363
0.418681
0.593999
0.757758
0.889822
0.973951
0.999800
0.964191
0.871502
0.733132
0.566094
0.390928
0.229175
0.100724
0.021371
0.000872
0.041749
0.138975
0.277495
0.445757
0.624041
0.780782
0.908351
0.982854
0.997983
0.951877
0.850206
0.705471
0.535470
0.361108
0.203825
0.082961
0.013378
0.003634
0.054925
0.160946
0.308658
0.479899
0.653612
0.808435
0.925332
0.989928
0.994279
0.937850
0.827581
0.677031
0.508168
0.331814
0.179597
0.066778
0.007231
0.008277
0.069789
0.184202
0.337447
0.507225
0.682601
0.832067
0.940701
0.995144
0.988701
0.922164
0.803716
0.647921
0.473937
0.303157
0.156583
0.052237
0.002951
0.013962
0.086283
0.205853
0.366852
0.541421
0.710898
0.854441
0.954400
0.998483
0.981270
0.904877
0.778699
0.618249
0.446694
0.275247
0.137241
0.039394
0.000555
0.023131
0.104346
0.234212
0.396761
0.572005
0.738395
0.875471
0.966376
0.999933
0.972016
0.886056
0.752625
0.588130
0.412798
0.248188
0.114543
0.028296
0.000052
0.033285
0.123908
0.260777
0.427062
0.602316
0.764989
0.895078
0.976585
0.999488
0.962300
0.865772
0.725595
0.557677
0.382666
0.222084
0.095676
0.018986
0.001444
0.045208
0.142471
0.285123
0.457639
0.632240
0.790579
0.913187
0.984987
0.997150
0.948181
0.844101
0.697709
