0.778177
0.736183
0.693661
0.647621
0.601086
0.553618
0.506597
0.457639
0.410015
0.363222
0.317692
0.274686
0.232087
0.193546
0.156355
0.123081
0.093287
0.067722
0.045208
0.027674
0.013888
0.004900
0.000484
0.000680
0.005349
0.014861
0.028400
0.046920
0.069309
0.095676
0.125777
0.159333
0.195287
0.235544
0.277495
0.321501
0.367155
0.414035
0.461710
0.509738
0.557677
0.605082
0.651518
0.696554
0.739775
0.780782
0.819196
0.853997
0.886854
0.915473
0.940255
0.960972
0.977432
0.989484
0.997015
0.999956
0.998281
0.992005
0.981185
0.965922
0.946356
0.922668
0.895078
0.863838
0.829240
0.791601
0.751269
0.708616
0.664038
0.617944
0.570762
0.522926
0.474878
0.427062
0.379920
0.333887
0.289387
0.246833
0.206616
0.169108
0.134657
0.103578
0.076161
0.052657
0.033285
0.018222
0.007608
0.001541
0.000077
0.003230
0.010970
0.023226
0.039884
0.060791
0.085755
0.114543
0.146891
0.182500
0.221041
0.262157
0.305470
0.350580
0.396147
0.444508
0.492460
0.540482
0.588130
0.634964
0.680552
0.724472
0.766320
0.805708
0.842274
0.875678
0.905062
0.931803
0.953610
0.972016
0.985667
0.994833
0.999430
0.999460
0.994923
0.985592
0.971912
0.953874
0.931645
0.905430
0.875471
0.842044
0.805460
0.766054
0.724192
0.680259
0.634662
0.587821
0.540169
0.492146
0.444196
0.397684
0.350280
0.305181
0.261881
0.220780
0.182257
0.146669
0.114343
0.085579
0.060641
0.039761
0.023131
0.010904
0.003194
0.000072
0.001566
0.007663
0.018306
0.033398
0.052798
0.076328
0.103770
0.134871
0.169344
0.206870
0.247104
0.289672
0.334183
0.379310
0.427373
0.475192
0.523239
0.571073
0.618249
0.663444
0.708902
0.750725
0.791856
0.829476
0.864054
0.895270
0.922836
0.946497
0.966036
0.981270
0.991893
0.998307
0.999952
0.996980
0.989419
0.977619
0.960850
0.940106
0.915298
0.886655
0.855105
0.818954
0.780522
0.739499
0.697131
0.651218
0.604775
0.557365
0.510366
0.461397
0.413726
0.367760
0.322088
0.277214
0.235277
0.195785
0.159103
0.126194
0.095492
0.069150
0.047186
0.028609
0.014785
0.005441
0.000713
0.000497
0.004944
0.013962
0.027468
0.045338
0.067407
0.093470
0.123287
0.156583
0.193050
0.232352
0.274125
0.317984
0.363524
0.410324
0.457952
0.505969
0.553930
0.601394
0.647921
0.693082
0.736460
0.777654
0.816285
0.851995
0.883851
0.913364
0.938456
0.959499
0.976011
0.988701
0.996589
0.999893
0.998579
0.992662
0.982196
0.967276
0.948042
0.924670
0.897377
0.867055
0.832067
0.794655
0.754521
0.712036
0.667594
0.621604
0.574492
0.526691
0.478644
0.430794
0.383583
0.337447
0.292812
0.250091
0.209677
0.171944
0.137241
0.106468
0.078173
0.054354
0.034651
0.019504
0.008277
0.001851
0.000025
0.002717
0.010198
0.022103
0.038422
0.059002
0.083655
0.111559
0.143571
0.179597
0.217920
0.258848
0.302003
0.346986
0.393382
0.440763
0.488691
0.535784
0.584417
0.630421
0.677031
0.721097
0.763122
0.801966
0.839516
0.873180
0.903398
0.929891
0.952413
0.970759
0.984757
0.994279
0.999236
0.999583
0.995445
0.986477
0.973144
0.955443
0.933535
0.907625
0.878566
0.844784
0.808435
0.769238
0.727555
0.684646
0.638288
0.591530
0.543926
0.495916
0.447944
0.400453
0.353881
0.308658
0.265203
0.223915
0.185177
0.149346
0.116753
0.087700
0.062453
0.041248
0.024278
0.011701
0.003748
0.000150
0.001282
0.007019
0.017309
0.032056
0.051125
0.074338
0.101482
0.132306
0.166526
0.203825
0.243859
0.286258
0.330631
0.376568
0.423645
0.471427
0.519473
0.567339
0.614583
0.660769
0.705471
0.748275
0.788016
0.826631
0.861459
0.892950
0.920812
0.944788
0.964657
0.980234
0.991378
0.997983
0.999990
0.997380
0.990177
0.978447
0.962300
0.941883
0.917904
0.889034
0.857090
0.821848
0.783634
0.742802
0.700590
0.654807
0.608458
0.561108
0.513193
0.465157
0.417442
0.370489
0.324733
0.280595
0.238483
0.198786
0.161870
0.128077
0.098279
0.071075
0.048392
0.029880
0.015708
0.006009
0.000872
0.000344
0.004429
0.013091
0.026250
0.043783
0.065529
0.091287
0.120205
0.153853
0.190083
0.229175
0.270768
0.314478
0.359901
0.406618
0.454197
0.501257
0.550181
0.597699
0.644315
0.689599
0.733132
0.774511
0.813356
0.849308
0.882033
0.911231
0.936631
0.958000
0.975138
0.987890
0.996136
0.999800
0.998912
0.993292
0.983179
0.968605
0.950114
0.926648
0.900219
0.869604
0.834876
0.797692
0.757758
0.715445
0.671141
0.625258
0.578217
0.530455
0.482411
0.434529
0.387252
0.341017
0.297110
0.253363
0.212754
0.174798
0.139845
0.108218
0.080209
0.056076
0.036043
0.020294
0.008974
0.002190
0.000002
0.002431
0.009455
0.020739
0.036986
0.057238
0.081580
0.109785
0.141593
0.176712
0.214042
0.255552
0.298547
0.343402
0.389702
0.437022
0.484923
0.532963
0.580699
0.627689
0.673501
0.717710
0.759909
0.799707
0.836739
0.870027
0.901159
0.927953
0.950796
0.969475
0.983819
0.993696
0.999013
0.999723
0.995818
0.987334
0.974350
0.956985
0.935864
0.909796
0.880407
0.847505
0.811394
0.772407
0.730905
0.687271
0.641907
0.595233
0.547680
0.499686
0.451695
0.404150
0.357490
0.312147
0.268538
0.227066
0.188115
0.152044
0.119797
0.089844
0.064290
0.042760
0.025452
0.012526
0.004102
0.000257
0.001026
0.006404
0.016340
0.030741
0.049477
0.072372
0.099217
0.129129
0.163726
0.200796
0.240628
0.282856
0.327089
0.372918
0.419922
0.467664
0.515705
0.563602
0.610910
0.657195
0.702028
0.744996
0.785701
0.823767
0.858844
0.890608
0.918764
0.943053
0.963251
0.979171
0.990667
