0.003089
0.028609
0.077500
0.147559
0.235277
0.334183
0.443260
0.557365
0.666410
0.767117
0.854441
0.924006
0.972326
0.996980
0.996734
0.971600
0.922836
0.852886
0.765256
0.664334
0.555179
0.443260
0.334183
0.233414
0.146003
0.076328
0.027881
0.003089
0.003194
0.028192
0.075662
0.146669
0.234212
0.335072
0.444196
0.556116
0.665224
0.766054
0.853553
0.923338
0.971912
0.996841
0.996876
0.972016
0.923505
0.853775
0.766320
0.665521
0.558613
0.444508
0.335369
0.236344
0.146891
0.076996
0.028296
0.003230
0.003054
0.027777
0.076161
0.145781
0.233148
0.333887
0.442948
0.554867
0.664038
0.764989
0.852664
0.922668
0.971495
0.996441
0.997015
0.972429
0.924172
0.854662
0.767383
0.666706
0.557677
0.445757
0.336556
0.235544
0.147782
0.078849
0.028714
0.003374
0.002917
0.027366
0.075496
0.144895
0.230232
0.332702
0.441699
0.553618
0.660769
0.763923
0.851772
0.921996
0.971076
0.996290
0.997150
0.972839
0.925991
0.855547
0.768444
0.667890
0.558925
0.447007
0.339826
0.236611
0.148675
0.078342
0.029135
0.003521
0.002783
0.026957
0.073680
0.144011
0.229175
0.331518
0.440451
0.552368
0.661661
0.762855
0.849308
0.921320
0.970653
0.996404
0.997283
0.973246
0.925497
0.856429
0.769503
0.669073
0.562355
0.448257
0.338933
0.237680
0.149570
0.079018
0.030309
0.003672
0.002652
0.026552
0.073025
0.143130
0.228120
0.330335
0.439204
0.551118
0.660472
0.761785
0.849981
0.920642
0.970227
0.996252
0.997412
0.973650
0.926156
0.857310
0.770561
0.670255
0.561420
0.449507
0.340123
0.238751
0.150468
0.079698
0.029987
0.003825
0.002524
0.026149
0.073516
0.142251
0.228911
0.329154
0.437957
0.549868
0.659281
0.760713
0.849083
0.919962
0.969799
0.996097
0.997538
0.974746
0.926812
0.859718
0.771617
0.671436
0.562667
0.450757
0.341315
0.239823
0.151367
0.080380
0.030417
0.003982
0.002400
0.025750
0.072861
0.141374
0.227856
0.327973
0.436710
0.548618
0.658089
0.759640
0.848182
0.919278
0.969367
0.995938
0.997661
0.974449
0.927465
0.859063
0.772671
0.672616
0.563913
0.452008
0.342507
0.240897
0.152269
0.081064
0.030850
0.004142
0.002279
0.025353
0.072209
0.140500
0.226803
0.326794
0.435464
0.547367
0.656897
0.758565
0.847279
0.918592
0.968932
0.995777
0.997781
0.974844
0.928115
0.859937
0.773723
0.673795
0.565159
0.453259
0.343700
0.241972
0.153173
0.081752
0.031286
0.004598
0.002160
0.024959
0.071560
0.139628
0.225751
0.325616
0.432038
0.543926
0.655703
0.757489
0.844784
0.917904
0.968495
0.995612
0.997898
0.975236
0.928763
0.860808
0.774774
0.674973
0.566405
0.454510
0.344894
0.243050
0.155671
0.082442
0.031725
0.004471
0.002045
0.024569
0.070914
0.138758
0.224701
0.324439
0.432972
0.544864
0.654508
0.756411
0.845466
0.917212
0.968054
0.995445
0.998011
0.975625
0.929408
0.861676
0.775823
0.678206
0.567650
0.455761
0.348183
0.244128
0.156583
0.083134
0.032167
0.004640
0.001933
0.024181
0.070270
0.137890
0.223653
0.323263
0.431727
0.543613
0.653313
0.755331
0.844557
0.916519
0.967611
0.995274
0.998122
0.976011
0.930051
0.862543
0.778699
0.677325
0.568895
0.457013
0.347285
0.245209
0.155899
0.083829
0.032612
0.004813
0.001824
0.023797
0.068514
0.137025
0.222607
0.322088
0.430483
0.542361
0.650020
0.752354
0.843645
0.915822
0.967164
0.995100
0.998229
0.976394
0.930691
0.863407
0.777916
0.678499
0.570140
0.458265
0.348482
0.246291
0.156811
0.084527
0.033060
0.004988
0.001719
0.023415
0.068991
0.136162
0.221562
0.320914
0.429238
0.541108
0.650919
0.753167
0.842731
0.915123
0.966715
0.994923
0.998333
0.976774
0.931327
0.864269
0.778959
0.679673
0.571384
0.459518
0.349680
0.247375
0.157726
0.085228
0.033511
0.005487
0.001616
0.023037
0.068355
0.135301
0.218699
0.319741
0.427995
0.539856
0.649720
0.752083
0.841815
0.914421
0.966263
0.994743
0.998434
0.977151
0.931962
0.865129
0.780001
0.680845
0.572627
0.462963
0.350879
0.248460
0.158644
0.085931
0.033964
0.005349
0.001517
0.022661
0.066621
0.134442
0.219478
0.318570
0.426751
0.538603
0.648521
0.750997
0.840897
0.913717
0.965808
0.994559
0.998532
0.977525
0.932593
0.865986
0.781042
0.682016
0.573870
0.462023
0.352079
0.249547
0.159563
0.086636
0.034421
0.005533
0.001421
0.022289
0.065996
0.133586
0.216624
0.317399
0.425508
0.537350
0.647320
0.749909
0.839977
0.913010
0.964540
0.994373
0.998626
0.977897
0.933222
0.866841
0.783893
0.683186
0.575113
0.463276
0.353280
0.250635
0.160484
0.087345
0.034881
0.005721
0.001172
0.021919
0.066465
0.132732
0.217401
0.316230
0.424266
0.536097
0.644015
0.748820
0.839054
0.912300
0.964888
0.994183
0.998718
0.978265
0.933848
0.867694
0.784927
0.684354
0.576355
0.464530
0.354482
0.251725
0.161408
0.089306
0.035343
0.006255
0.001238
0.021553
0.065840
0.131881
0.216366
0.315062
0.423024
0.534843
0.644917
0.747729
0.838130
0.911588
0.964424
0.993991
0.998806
0.978629
0.934471
0.868544
0.784152
0.687562
0.577597
0.467978
0.355685
0.252817
0.162334
0.088769
0.035809
0.006107
0.001151
0.020560
0.065218
0.131031
0.213526
0.313895
0.421783
0.533590
0.643714
0.744722
0.837203
0.910873
0.963957
0.993795
0.999033
0.978991
0.935092
0.869392
0.785185
0.686688
0.578838
0.467037
0.356888
0.253910
0.163261
0.089485
0.036277
0.006304
0.001067
0.020829
0.064599
0.130184
0.214299
0.310692
0.420542
0.532336
0.642510
0.745543
0.834643
0.910156
0.962658
0.993596
0.998973
0.979350
0.935710
0.871713
0.786216
0.687853
0.580078
0.468291
0.358093
0.255004
0.165824
0.090204
0.036749
0.006863
0.000987
0.020471
0.063982
0.129340
0.213269
0.311565
0.419301
0.531082
0.641305
0.742527
0.835343
0.908170
0.963014
