0.167932
0.020739
0.016260
0.151818
0.388171
0.656897
0.880203
0.993445
0.963840
0.804215
0.549243
0.284272
0.081752
0.000309
0.063522
0.253090
0.508796
0.771089
0.949565
0.997898
0.902094
0.689890
0.422714
0.177911
0.026350
0.010774
0.138758
0.370186
0.639194
0.867907
0.990115
0.970440
0.814579
0.572938
0.306049
0.092194
0.001305
0.054782
0.237145
0.495602
0.755331
0.941146
0.999253
0.912833
0.706902
0.446382
0.192307
0.034536
0.008221
0.126194
0.352379
0.621300
0.855105
0.986112
0.976394
0.828767
0.585965
0.318277
0.103196
0.002985
0.046655
0.221562
0.477074
0.734520
0.929408
0.999923
0.923004
0.728394
0.459518
0.207125
0.039516
0.005212
0.114143
0.334776
0.603239
0.841815
0.981440
0.981694
0.842502
0.604161
0.335666
0.114743
0.005349
0.039150
0.206362
0.458578
0.722786
0.922500
0.999905
0.935247
0.740050
0.478016
0.222346
0.049340
0.002883
0.099404
0.317399
0.579768
0.828056
0.976107
0.986331
0.855768
0.627385
0.353280
0.126820
0.008392
0.032278
0.191564
0.440140
0.706043
0.912300
0.999201
0.941588
0.756141
0.496544
0.237948
0.057677
0.001238
0.091649
0.300273
0.566716
0.813846
0.970120
0.990300
0.868544
0.640099
0.371096
0.139410
0.012110
0.026049
0.177191
0.421783
0.689017
0.898328
0.997810
0.949977
0.771880
0.515077
0.253910
0.063982
0.000277
0.081236
0.278621
0.548305
0.799204
0.963487
0.993596
0.880814
0.657791
0.394303
0.152495
0.016499
0.020471
0.159333
0.398299
0.671731
0.890215
0.995736
0.957747
0.787246
0.533590
0.270210
0.073352
0.000004
0.071398
0.266868
0.529827
0.784152
0.956217
0.996213
0.892561
0.675267
0.407235
0.166058
0.021553
0.015553
0.149794
0.385417
0.654210
0.878361
0.992981
0.964888
0.802216
0.552056
0.286826
0.083308
0.000417
0.062150
0.250635
0.511309
0.768709
0.948321
0.998579
0.903769
0.692502
0.425508
0.180079
0.027263
0.011299
0.136809
0.367458
0.636476
0.862327
0.989548
0.971391
0.816771
0.570451
0.303735
0.093836
0.001517
0.053503
0.234744
0.492775
0.752896
0.939808
0.999400
0.914421
0.709473
0.443884
0.194540
0.033624
0.007718
0.124322
0.349680
0.618555
0.853109
0.985442
0.977245
0.830892
0.588749
0.320914
0.104922
0.003302
0.045469
0.219218
0.474250
0.736737
0.930691
0.999964
0.924504
0.730905
0.462337
0.209421
0.040625
0.004813
0.112351
0.332110
0.600471
0.839746
0.979171
0.983819
0.844557
0.606924
0.338339
0.116552
0.005769
0.038060
0.204078
0.455761
0.720252
0.920982
0.999842
0.934004
0.742527
0.486179
0.229175
0.050572
0.002588
0.100913
0.314770
0.582248
0.825917
0.975236
0.986980
0.857749
0.624953
0.355985
0.128708
0.008915
0.031286
0.189344
0.432038
0.703464
0.910694
0.999033
0.942908
0.758565
0.499372
0.240360
0.056511
0.001047
0.090024
0.297685
0.563913
0.811640
0.969150
0.990847
0.870449
0.642811
0.373830
0.141374
0.012737
0.025156
0.170997
0.418991
0.686397
0.899842
0.997538
0.951202
0.774249
0.517903
0.256375
0.065373
0.000191
0.079698
0.276089
0.545490
0.796934
0.962419
0.994039
0.882641
0.660472
0.391848
0.154534
0.017227
0.019678
0.161177
0.395532
0.669073
0.888441
0.995360
0.958877
0.789555
0.536410
0.272725
0.074833
0.000022
0.069949
0.259674
0.527005
0.781821
0.955053
0.996553
0.894306
0.677912
0.410015
0.172181
0.022381
0.014861
0.147782
0.382666
0.651518
0.876506
0.991551
0.965922
0.804464
0.554867
0.289387
0.084877
0.000540
0.060791
0.248188
0.508482
0.766320
0.947061
0.998384
0.908532
0.695108
0.428306
0.182257
0.028192
0.009638
0.134871
0.364733
0.633754
0.864054
0.988965
0.974051
0.818954
0.573249
0.311274
0.095492
0.001745
0.049886
0.232352
0.484609
0.750453
0.938456
0.999530
0.915996
0.712036
0.446694
0.196784
0.034651
0.007231
0.122462
0.346986
0.615806
0.851101
0.983421
0.978081
0.833006
0.591530
0.323556
0.106662
0.003634
0.044298
0.216883
0.471427
0.729511
0.929247
0.999995
0.925991
0.728673
0.465157
0.216107
0.043911
0.004429
0.110572
0.329449
0.597699
0.837666
0.979883
0.983179
0.850430
0.609685
0.341017
0.118372
0.006205
0.036986
0.201804
0.452946
0.717710
0.919449
0.999763
0.935401
0.749637
0.489005
0.227066
0.049477
0.002309
0.099217
0.312147
0.579458
0.823767
0.974350
0.987613
0.859718
0.627689
0.363826
0.130608
0.009455
0.030309
0.187134
0.434529
0.700878
0.909075
0.998849
0.944212
0.760981
0.502199
0.242780
0.057824
0.000872
0.088412
0.295102
0.561108
0.809424
0.968165
0.991378
0.872342
0.645518
0.376568
0.143350
0.013378
0.024278
0.172894
0.416203
0.683770
0.898138
0.997250
0.952413
0.776609
0.520729
0.263540
0.066778
0.000121
0.078173
0.278339
0.542674
0.794655
0.961336
0.994467
0.884454
0.668186
0.394611
0.156583
0.017971
0.018901
0.159103
0.397991
0.666410
0.886655
0.994183
0.959993
0.791856
0.539230
0.275247
0.076328
0.000057
0.068514
0.261881
0.524181
0.779481
0.953874
0.997444
0.896038
0.680552
0.412798
0.170288
0.023226
0.014184
0.142032
0.379920
0.648821
0.871082
0.992005
0.966940
0.806702
0.557677
0.296823
0.086460
0.000680
0.059447
0.245750
0.505655
0.763923
0.945788
0.998603
0.907078
0.697709
0.431105
0.184445
0.029135
0.010135
0.132945
0.362014
0.631027
0.862110
0.988366
0.973246
0.821126
0.576044
0.308949
0.097160
0.001989
0.050986
0.229968
0.487121
0.748002
0.937090
0.999645
0.917558
0.719405
0.454823
0.203319
0.035692
0.006760
0.120614
0.344297
0.613054
0.849083
0.984056
0.978901
0.835110
0.594308
0.326205
0.108414
0.003982
