0.192802
0.180321
0.167932
0.156355
0.144674
0.133586
0.122874
0.112550
0.102623
0.093104
0.084178
0.075330
0.067092
0.059299
0.051958
0.045077
0.038785
0.032724
0.027366
0.022289
0.017804
0.013815
0.010325
0.007338
0.004900
0.002883
0.001421
0.000470
0.000036
0.000101
0.000680
0.001771
0.003411
0.005533
0.008164
0.011299
0.014937
0.019072
0.023701
0.028714
0.034421
0.040501
0.047053
0.053928
0.061544
0.069469
0.077836
0.086636
0.095861
0.105501
0.115546
0.125985
0.136809
0.148005
0.159563
0.171470
0.183715
0.196035
0.209166
0.222346
0.235810
0.249547
0.263540
0.277776
0.292241
0.306918
0.321501
0.336853
0.352079
0.367458
0.382972
0.398606
0.414345
0.430171
0.445757
0.462023
0.478016
0.494031
0.510052
0.526063
0.542048
0.557989
0.573559
0.589676
0.605389
0.620995
0.636476
0.651817
0.667002
0.682016
0.696843
0.711467
0.725875
0.740050
0.753980
0.767648
0.780782
0.794147
0.806950
0.819438
0.831598
0.843417
0.854884
0.865986
0.876713
0.887053
0.896995
0.906530
0.915648
0.924338
0.932593
0.940404
0.947763
0.954662
0.961094
0.967052
0.972532
0.977525
0.982029
0.986038
0.989548
0.992501
0.995056
0.997049
0.998532
0.999503
0.999961
0.999905
0.999337
0.998255
0.996662
0.994559
0.991949
0.988833
0.985215
0.981099
0.976490
0.971495
0.965808
0.959870
0.953213
0.946214
0.938757
0.930850
0.922500
0.913717
0.904508
0.894885
0.884856
0.874640
0.863623
0.852441
0.840897
0.829003
0.816771
0.804215
0.791345
0.778177
0.764723
0.750997
0.737013
0.722786
0.708331
0.693661
0.678793
0.663741
0.648521
0.633148
0.617639
0.602009
0.586274
0.570451
0.554555
0.538603
0.522612
0.506597
0.490890
0.474564
0.458578
0.442635
0.426751
0.411252
0.395225
0.379615
0.364129
0.348782
0.333590
0.318570
0.303735
0.289102
0.274686
0.260501
0.246562
0.232883
0.219478
0.206362
0.193546
0.181046
0.168873
0.157040
0.145559
0.134442
0.123701
0.113345
0.103578
0.093836
0.084702
0.075994
0.067722
0.059894
0.052517
0.045600
0.039150
0.033172
0.027674
0.022755
0.018138
0.014110
0.010581
0.007608
0.005033
0.003020
0.001517
0.000526
0.000048
0.000083
0.000632
0.001693
0.003230
0.005349
0.007939
0.011035
0.014633
0.018730
0.023320
0.028400
0.033964
0.040007
0.046522
0.053503
0.060791
0.068832
0.077164
0.085931
0.095123
0.104730
0.114743
0.125152
0.135946
0.146891
0.158644
0.170524
0.182500
0.195287
0.208144
0.221301
0.234744
0.248460
0.262434
0.276651
0.291098
0.305760
0.320621
0.335369
0.350879
0.366246
0.381750
0.397376
0.413107
0.428927
0.444508
0.460770
0.476761
0.492775
0.508796
0.524808
0.540795
0.556740
0.572627
0.588439
0.604161
0.619775
0.635267
0.650619
0.665817
0.680552
0.695687
0.710328
0.724753
0.738947
0.752896
0.766586
0.780001
0.793130
0.805708
0.818470
0.830656
0.842502
0.853997
0.865129
0.875885
0.886256
0.896230
0.905797
0.914948
0.923672
0.931962
0.939808
0.947202
0.954137
0.960606
0.966602
0.972119
0.977058
0.981694
0.985741
0.989290
0.992337
0.994878
0.996911
0.998409
0.999445
0.999938
0.999928
0.999400
0.998358
0.996841
0.994743
0.992172
0.989096
0.985517
0.981525
0.976869
0.971808
0.966263
0.960239
0.953742
0.946780
0.939359
0.931486
0.923171
0.914421
0.905246
0.895654
0.885657
0.875263
0.864699
0.853553
0.842044
0.829948
0.817743
0.805211
0.792366
0.779220
0.765788
0.752083
0.738119
0.723911
0.709473
0.694819
0.679966
0.664928
0.649720
0.634359
0.618860
0.603239
0.587512
0.571694
0.555804
0.539856
0.523867
0.507854
0.491832
0.475819
0.459831
0.443884
0.427995
0.412179
0.396454
0.380835
0.365338
0.349980
0.335072
0.319741
0.304892
0.290242
0.275808
0.261605
0.247917
0.233946
0.220519
0.207380
0.194540
0.182015
0.169816
0.157956
0.146447
0.135301
0.124737
0.114143
0.104154
0.094570
0.085403
0.076662
0.068355
0.060492
0.053079
0.046126
0.039639
0.033624
0.028088
0.023037
0.018475
0.014408
0.010839
0.007773
0.005212
0.003159
0.001616
0.000600
0.000067
0.000057
0.000570
0.001591
0.003124
0.005167
0.007718
0.010774
0.014333
0.018391
0.022943
0.027984
0.033511
0.039516
0.045863
0.052939
0.060342
0.068197
0.076328
0.085228
0.094386
0.103962
0.113944
0.124322
0.135086
0.146225
0.157726
0.169580
0.181772
0.194043
0.207125
0.220259
0.233680
0.247104
0.261329
0.275528
0.289957
0.304602
0.319448
0.334479
0.349381
0.365036
0.380530
0.396147
0.411561
0.427684
0.443572
0.459518
0.475505
0.491518
0.507540
0.523239
0.539543
0.555492
0.571384
0.587202
0.602931
0.618555
0.633754
0.649420
0.664631
0.679673
0.694530
0.709187
0.723349
0.737843
0.751812
0.765522
0.778699
0.791856
0.804962
0.817500
0.829712
0.841586
0.853109
0.864269
0.875056
0.885457
0.895462
0.905062
0.914245
0.923004
0.931327
0.939209
0.946639
0.953610
0.960116
0.966149
0.971704
0.976774
0.981355
0.985442
0.989030
0.992116
0.994697
0.996770
0.998333
0.999384
0.999917
0.999948
0.999460
0.998459
0.996946
0.994923
0.992392
0.989355
0.985816
0.981862
0.977245
0.972223
0.966715
0.960728
0.954269
0.947343
0.939957
0.932120
0.924006
0.915123
0.905981
0.896422
0.886655
0.876299
0.865343
0.854219
0.842960
0.830892
0.818712
0.806205
0.793384
0.780262
0.766852
0.753167
0.739499
0.725314
0.710613
0.695976
0.681138
0.666113
0.651218
0.635569
0.620080
0.604468
0.588749
0.572938
0.557052
0.541108
0.525122
0.509424
0.493089
0.477074
0.461084
0.445133
0.429238
0.413726
0.397684
0.382056
0.366549
0.351479
0.336259
0.320914
0.306049
0.291384
0.276932
0.262710
0.248731
