0.920472
0.998333
0.960728
0.818712
0.609072
0.371096
0.158873
0.028505
0.004346
0.093653
0.274405
0.506283
0.736737
0.913540
0.996057
0.967164
0.831833
0.621300
0.387865
0.171707
0.034536
0.002850
0.081236
0.259123
0.489005
0.721379
0.903583
0.994326
0.973043
0.844557
0.637986
0.400145
0.184933
0.041123
0.001305
0.074503
0.244128
0.471741
0.705757
0.890215
0.990545
0.979706
0.856870
0.654508
0.421783
0.198535
0.048258
0.000355
0.065684
0.225489
0.454510
0.689890
0.882236
0.987958
0.983098
0.868757
0.675267
0.438892
0.212497
0.055932
0.000002
0.057384
0.215073
0.432661
0.673795
0.870871
0.983899
0.987263
0.880203
0.686980
0.451382
0.226803
0.066465
0.000247
0.049613
0.201048
0.420232
0.657493
0.859063
0.979261
0.991723
0.891195
0.702890
0.468605
0.241434
0.072861
0.001088
0.042379
0.187379
0.403225
0.641003
0.846827
0.974051
0.994559
0.901721
0.722786
0.485865
0.260501
0.082096
0.002524
0.035692
0.174083
0.386334
0.624345
0.834176
0.968275
0.996252
0.914421
0.733965
0.503142
0.271606
0.091830
0.005212
0.029560
0.157726
0.369579
0.607538
0.821126
0.960116
0.998067
0.921320
0.749093
0.520415
0.287110
0.102052
0.007178
0.023989
0.148675
0.352980
0.590603
0.807693
0.955053
0.999287
0.930371
0.767913
0.537663
0.302869
0.115747
0.010389
0.018986
0.136593
0.336556
0.568895
0.790067
0.947623
0.999911
0.938908
0.778438
0.554867
0.318862
0.127029
0.014184
0.014558
0.121845
0.320327
0.551743
0.779741
0.939658
0.999842
0.946921
0.796428
0.572005
0.335072
0.135516
0.018560
0.010710
0.113744
0.304313
0.539230
0.765256
0.931168
0.999368
0.956346
0.806454
0.589058
0.351479
0.147559
0.023510
0.007445
0.103005
0.288533
0.521984
0.750453
0.919620
0.997781
0.961336
0.819921
0.606004
0.368063
0.160023
0.029030
0.004769
0.092740
0.273005
0.504712
0.735352
0.909976
0.996441
0.969367
0.833006
0.622823
0.384805
0.172894
0.035112
0.002219
0.082961
0.257748
0.487435
0.719970
0.902654
0.994087
0.975040
0.845693
0.639496
0.401685
0.186154
0.041749
0.000890
0.073680
0.242780
0.470173
0.704325
0.892172
0.991144
0.980147
0.857968
0.656002
0.423335
0.199790
0.048933
0.000299
0.062606
0.228120
0.452946
0.688435
0.881221
0.987613
0.983501
0.869816
0.672321
0.435775
0.213784
0.058854
0.000000
0.054497
0.213784
0.435775
0.672321
0.869816
0.983501
0.988634
0.884253
0.688435
0.452946
0.228120
0.064908
0.000484
0.048933
0.199790
0.418681
0.656002
0.857968
0.978811
0.991144
0.892172
0.704325
0.470173
0.242780
0.073680
0.001194
0.041749
0.186154
0.401685
0.639496
0.845693
0.973549
0.994087
0.902654
0.719970
0.487435
0.257748
0.082961
0.002685
0.035112
0.172894
0.384805
0.622823
0.833006
0.967722
0.996441
0.912655
0.735352
0.504712
0.273005
0.092740
0.004769
0.029030
0.160023
0.368063
0.606004
0.819921
0.961336
0.998202
0.924670
0.750453
0.521984
0.288533
0.103005
0.008277
0.023510
0.147559
0.351479
0.584417
0.806454
0.954400
0.999368
0.931168
0.769238
0.543926
0.304313
0.113744
0.010710
0.018560
0.135516
0.335072
0.572005
0.792620
0.946921
0.999938
0.939658
0.779741
0.556428
0.320327
0.124944
0.014558
0.014184
0.123908
0.318862
0.554867
0.778438
0.938908
0.999911
0.947623
0.793893
0.573559
0.341017
0.136593
0.018986
0.010389
0.112748
0.302869
0.537663
0.763923
0.930371
0.999287
0.955053
0.807693
0.590603
0.352980
0.148675
0.023989
0.006404
0.102052
0.287110
0.515705
0.749093
0.921320
0.998067
0.961940
0.824724
0.612135
0.369579
0.161177
0.029560
0.004555
0.091830
0.271606
0.503142
0.733965
0.911766
0.995654
0.968275
0.834176
0.628904
0.386334
0.174083
0.037461
0.002524
0.082096
0.256375
0.485865
0.718558
0.901721
0.993844
0.974051
0.846827
0.641003
0.403225
0.187379
0.042379
0.001088
0.072861
0.237413
0.468605
0.698574
0.891195
0.989928
0.980583
0.859063
0.657493
0.420232
0.204838
0.049613
0.000121
0.064136
0.226803
0.451382
0.682601
0.877126
0.987263
0.983899
0.870871
0.673795
0.437333
0.215073
0.057384
0.000002
0.055932
0.212497
0.434218
0.670846
0.868757
0.983098
0.987958
0.882236
0.689890
0.454510
0.229439
0.068038
0.000355
0.046258
0.198535
0.417132
0.654508
0.856870
0.978356
0.991436
0.896038
0.705757
0.471741
0.244128
0.074503
0.001305
0.039272
0.181288
0.400145
0.637986
0.844557
0.973043
0.994326
0.906347
0.721379
0.489005
0.259123
0.083829
0.002850
0.034536
0.171707
0.378700
0.621300
0.831833
0.967164
0.996626
0.913540
0.736737
0.506283
0.274405
0.093653
0.004988
0.028505
0.158873
0.366549
0.604468
0.818712
0.958877
0.998333
0.923004
0.751812
0.523553
0.289957
0.106856
0.007718
0.021644
0.146447
0.349980
0.587512
0.805211
0.953742
0.999445
0.931962
0.766586
0.540795
0.310110
0.114743
0.011035
0.018138
0.134442
0.333590
0.570451
0.791345
0.946214
0.999998
0.940404
0.781042
0.557989
0.321794
0.125985
0.014937
0.013815
0.122874
0.313020
0.548618
0.777132
0.938153
0.999879
0.948321
0.795162
0.575113
0.338041
0.137673
0.019417
0.010072
0.111757
0.301426
0.536097
0.762587
0.929569
0.999201
0.955702
0.808930
0.592147
0.354482
0.149794
0.024472
0.006915
0.098279
0.285690
0.518845
0.747729
0.920472
0.997926
0.962539
0.822329
0.609072
0.375655
0.162334
0.030094
0.004346
0.090925
0.270210
0.496858
0.732576
0.908170
0.996057
0.968823
0.835343
0.625866
0.387865
0.175276
