0.949840
0.819921
0.637080
0.430794
0.236344
0.086990
0.008277
0.013669
0.099781
0.258848
0.456700
0.661959
0.836506
0.959002
0.999981
0.957113
0.833006
0.653612
0.447944
0.251180
0.096974
0.011701
0.009947
0.092012
0.243859
0.439516
0.645518
0.826631
0.951877
0.999834
0.962300
0.845693
0.669960
0.465157
0.266313
0.109981
0.015708
0.006811
0.082269
0.225751
0.422403
0.628904
0.813356
0.944212
0.999091
0.968605
0.857968
0.686105
0.486493
0.281725
0.118372
0.020294
0.004264
0.073025
0.211470
0.405384
0.612135
0.796428
0.936018
0.997751
0.974350
0.869816
0.702028
0.499686
0.297397
0.129762
0.025452
0.002309
0.064290
0.200796
0.388477
0.595233
0.785701
0.927302
0.995818
0.979529
0.881221
0.721379
0.521042
0.313312
0.141593
0.031177
0.000713
0.056076
0.187134
0.371703
0.578217
0.771353
0.918076
0.993292
0.985139
0.892172
0.736737
0.538290
0.329449
0.153853
0.037461
0.000182
0.048392
0.170760
0.355083
0.561108
0.756681
0.908351
0.990177
0.989030
0.902654
0.748275
0.551431
0.345790
0.166526
0.044298
0.000014
0.041248
0.160946
0.338636
0.543926
0.741702
0.898138
0.986477
0.991608
0.912655
0.763122
0.568584
0.362316
0.182743
0.053503
0.000443
0.034651
0.145559
0.322381
0.526691
0.726435
0.887450
0.982196
0.994467
0.922164
0.777654
0.585655
0.379005
0.193050
0.059596
0.001468
0.028609
0.136377
0.306339
0.505341
0.710898
0.876299
0.977339
0.996734
0.931168
0.791856
0.602624
0.395839
0.206870
0.068038
0.003089
0.023131
0.124737
0.290527
0.492146
0.695108
0.864699
0.971912
0.998718
0.939658
0.805708
0.619470
0.412798
0.221041
0.076996
0.005303
0.017146
0.113545
0.274966
0.474878
0.679086
0.852664
0.964424
0.999488
0.947623
0.819196
0.636174
0.429860
0.235544
0.088769
0.008107
0.013888
0.102814
0.256101
0.457639
0.662850
0.840207
0.957747
0.999971
0.955053
0.832302
0.652715
0.447007
0.250363
0.096417
0.011500
0.009334
0.092557
0.244669
0.440451
0.646420
0.827344
0.952280
0.999857
0.961940
0.845012
0.669073
0.464216
0.269095
0.106856
0.015475
0.006967
0.082788
0.229968
0.423335
0.629814
0.814090
0.944644
0.999147
0.968275
0.857310
0.685230
0.481469
0.280877
0.117764
0.020029
0.003864
0.073516
0.215590
0.402301
0.613054
0.800461
0.936478
0.997840
0.975334
0.869181
0.701166
0.498743
0.296536
0.129129
0.025156
0.002400
0.062758
0.201551
0.389396
0.596158
0.786474
0.927791
0.995938
0.979261
0.883246
0.716861
0.516019
0.312438
0.140937
0.030850
0.001006
0.056511
0.187869
0.372615
0.579148
0.772144
0.918592
0.993445
0.983899
0.891586
0.732297
0.533276
0.328564
0.153173
0.037104
0.000209
0.048798
0.171470
0.355985
0.562043
0.757489
0.908894
0.990362
0.987958
0.902094
0.747456
0.550493
0.344894
0.168873
0.043911
0.000008
0.041623
0.161639
0.339528
0.544864
0.742527
0.898708
0.986694
0.991436
0.912122
0.762320
0.567650
0.361410
0.178874
0.051263
0.000404
0.033511
0.149122
0.323263
0.527632
0.727275
0.888045
0.982444
0.994326
0.921658
0.776870
0.584726
0.378091
0.192307
0.059150
0.001397
0.028924
0.137025
0.307208
0.506283
0.711752
0.876919
0.977619
0.996626
0.932751
0.791090
0.601701
0.394918
0.206107
0.069629
0.003447
0.023415
0.125360
0.291384
0.493089
0.695976
0.865343
0.970865
0.998333
0.939209
0.804962
0.618555
0.411870
0.220259
0.076495
0.005167
0.018475
0.114143
0.275808
0.475819
0.679966
0.853331
0.966263
0.999445
0.947202
0.818470
0.635267
0.428927
0.234744
0.085931
0.008681
0.014110
0.103387
0.256924
0.458578
0.663741
0.840897
0.959746
0.999961
0.954662
0.831598
0.651817
0.446070
0.253090
0.095861
0.011299
0.010325
0.093104
0.245479
0.437333
0.643413
0.824963
0.952681
0.999879
0.963133
0.844329
0.668186
0.463276
0.264648
0.106274
0.015243
0.007125
0.083308
0.230762
0.424266
0.630724
0.814823
0.945075
0.998953
0.967944
0.856650
0.684354
0.480527
0.280030
0.117157
0.019766
0.004513
0.074009
0.213012
0.407235
0.613972
0.797944
0.934937
0.997926
0.973750
0.868544
0.704038
0.497801
0.295675
0.128498
0.024862
0.002493
0.065218
0.202308
0.386334
0.597083
0.787246
0.928278
0.995529
0.978991
0.879999
0.716011
0.515077
0.311565
0.140282
0.030525
0.001067
0.056947
0.188606
0.373526
0.580078
0.772934
0.919107
0.993596
0.983660
0.891000
0.731462
0.532336
0.331518
0.152495
0.038301
0.000237
0.049204
0.175276
0.356888
0.562978
0.758297
0.907078
0.990545
0.987752
0.901534
0.746637
0.549556
0.347884
0.165124
0.043526
0.000004
0.042000
0.162334
0.340421
0.545803
0.743351
0.896804
0.986909
0.991261
0.911588
0.761517
0.566716
0.360504
0.178152
0.050848
0.000367
0.035343
0.149794
0.324145
0.528573
0.728114
0.888639
0.981609
0.994183
0.921151
0.776085
0.587821
0.377177
0.191564
0.060641
0.001642
0.029241
0.137673
0.308078
0.511309
0.712605
0.877538
0.977897
0.996516
0.930211
0.793638
0.600778
0.393996
0.205345
0.067092
0.002883
0.023701
0.125985
0.292241
0.494031
0.696843
0.863191
0.972532
0.998255
0.938757
0.804215
0.621604
0.410942
0.219478
0.075994
0.005033
0.018730
0.114743
0.276651
0.476761
0.680845
0.853997
0.966602
0.999400
0.946780
0.817743
0.634359
0.427995
0.233946
0.085403
0.007773
0.013378
0.103962
0.261329
0.459518
0.664631
0.841586
0.960116
0.999948
0.955960
0.830892
0.650919
0.445133
0.248731
0.095307
0.011973
0.010516
0.093653
0.246291
0.442323
0.648221
0.828767
