0.711752
0.831833
0.925991
0.982854
0.999834
0.975528
0.911944
0.816528
0.690761
0.551431
0.407853
0.271886
0.154761
0.067564
0.013378
0.000799
0.029453
0.096974
0.197784
0.323556
0.463903
0.607231
0.741702
0.856209
0.941293
0.989928
0.998094
0.965119
0.895462
0.789811
0.664631
0.523553
0.377786
0.244939
0.135086
0.051679
0.007231
0.003484
0.040749
0.115948
0.222868
0.352680
0.494659
0.637080
0.768179
0.875263
0.954923
0.995144
0.994467
0.952947
0.874015
0.764190
0.632542
0.489948
0.348183
0.218958
0.114743
0.038906
0.003266
0.007554
0.053786
0.136377
0.249003
0.382361
0.525436
0.666410
0.793638
0.896613
0.966828
0.998483
0.988965
0.939058
0.852886
0.737566
0.602624
0.459205
0.319155
0.194043
0.095861
0.027881
0.000555
0.014483
0.068514
0.158185
0.276089
0.412488
0.556116
0.692502
0.817985
0.913010
0.976963
0.999933
0.981609
0.923505
0.830420
0.710043
0.572316
0.428616
0.290813
0.170288
0.076996
0.018645
0.000052
0.022755
0.084877
0.179115
0.304024
0.442948
0.583797
0.720534
0.841127
0.931009
0.984603
0.999488
0.972429
0.907988
0.806702
0.681723
0.541735
0.398299
0.263263
0.147782
0.061393
0.011233
0.001238
0.032836
0.102814
0.205599
0.332702
0.473623
0.616723
0.750181
0.862975
0.945788
0.991779
0.997150
0.961457
0.887649
0.781821
0.652715
0.510995
0.368367
0.236611
0.126611
0.047453
0.005674
0.004726
0.044687
0.122256
0.231026
0.362014
0.501571
0.646420
0.776347
0.883448
0.958877
0.996404
0.992928
0.948737
0.867481
0.755871
0.623127
0.480213
0.338933
0.210957
0.106856
0.035227
0.001989
0.009885
0.058264
0.143130
0.257473
0.391848
0.535157
0.675561
0.801465
0.902468
0.970227
0.999147
0.986837
0.934316
0.845920
0.728952
0.595850
0.449507
0.310110
0.186399
0.088590
0.024764
0.000191
0.016902
0.073516
0.165357
0.284839
0.422093
0.562978
0.704038
0.825440
0.919962
0.979795
0.999998
0.978901
0.918248
0.823049
0.701166
0.562667
0.418991
0.282007
0.163029
0.071884
0.016821
0.000288
0.025750
0.090384
0.188852
0.313020
0.452633
0.596158
0.731741
0.848182
0.935864
0.987544
0.998953
0.970120
0.900596
0.798953
0.672616
0.532022
0.388783
0.257198
0.140937
0.056801
0.009273
0.002279
0.036395
0.108805
0.213526
0.341911
0.483353
0.626170
0.758565
0.869604
0.950114
0.993445
0.996018
0.957621
0.883246
0.773723
0.643413
0.501257
0.358997
0.228383
0.120205
0.043398
0.004305
0.006156
0.048798
0.128708
0.239287
0.371400
0.514135
0.655703
0.784410
0.889625
0.961578
0.997184
0.991202
0.944357
0.862759
0.747456
0.613666
0.470486
0.329745
0.203066
0.100913
0.031725
0.001216
0.011905
0.062910
0.150019
0.266035
0.398606
0.542048
0.684646
0.809177
0.908170
0.973448
0.999621
0.984525
0.929408
0.840897
0.720252
0.583488
0.439828
0.301138
0.178874
0.083134
0.021827
0.000017
0.018730
0.078680
0.172656
0.293670
0.431727
0.575423
0.712890
0.830656
0.925167
0.982444
0.999872
0.976011
0.912833
0.815555
0.692212
0.552993
0.409397
0.273285
0.155899
0.066935
0.013742
0.000713
0.028924
0.096046
0.196534
0.322088
0.462337
0.605696
0.740326
0.855105
0.940553
0.989611
0.998229
0.966715
0.894692
0.791090
0.663444
0.522298
0.379310
0.246291
0.134228
0.052377
0.007499
0.003302
0.040130
0.114944
0.221562
0.351179
0.493089
0.635569
0.766852
0.876092
0.954269
0.994923
0.995100
0.953610
0.875056
0.765522
0.634056
0.491518
0.349680
0.220259
0.113944
0.039516
0.003124
0.007773
0.053079
0.135301
0.247646
0.380835
0.523867
0.662256
0.792366
0.895654
0.966263
0.998358
0.989290
0.941146
0.853997
0.738947
0.604161
0.460770
0.323263
0.197534
0.095123
0.028400
0.000632
0.014110
0.067722
0.157040
0.274686
0.410942
0.554555
0.693661
0.816771
0.913717
0.976490
0.999905
0.982029
0.924338
0.831598
0.711467
0.573870
0.430171
0.292241
0.171470
0.077836
0.019072
0.000032
0.022289
0.084004
0.180079
0.302580
0.441387
0.585036
0.721661
0.839977
0.930211
0.984910
0.999557
0.972941
0.907260
0.807941
0.685814
0.546116
0.399837
0.264648
0.148899
0.062150
0.011567
0.001327
0.032278
0.101862
0.204331
0.331222
0.472054
0.615195
0.748820
0.861893
0.945075
0.991493
0.997315
0.962060
0.888639
0.783117
0.654210
0.512565
0.372615
0.237948
0.127658
0.048123
0.005913
0.004513
0.044040
0.121229
0.229704
0.360504
0.502827
0.644917
0.775036
0.882438
0.958251
0.996213
0.993189
0.950660
0.868544
0.757220
0.624649
0.481783
0.340421
0.212240
0.107828
0.035809
0.002131
0.009577
0.057531
0.142032
0.256101
0.390315
0.533590
0.674090
0.797944
0.901534
0.969691
0.999052
0.987193
0.936478
0.847053
0.730348
0.597391
0.451070
0.311565
0.189837
0.089485
0.025254
0.000237
0.016499
0.072698
0.164191
0.280877
0.417752
0.564225
0.702603
0.824246
0.919107
0.978539
1.000000
0.979350
0.919107
0.824246
0.702603
0.567028
0.420542
0.285974
0.166292
0.072698
0.016499
0.000237
0.025254
0.089485
0.187624
0.311565
0.451070
0.594616
0.730348
0.847053
0.935092
0.987193
0.999052
0.969691
0.901534
0.802466
0.674090
0.533590
0.393076
0.256101
0.144011
0.057531
0.009577
0.001878
0.035809
0.107828
0.212240
0.337744
0.481783
0.624649
0.757220
0.868544
0.949428
0.993189
0.996213
0.959375
0.882438
0.775036
0.644917
0.502827
0.360504
0.229704
0.121229
0.044040
0.004513
0.005913
0.048123
0.127658
0.237948
0.369883
0.509738
0.654210
0.783117
0.888639
0.960972
0.997315
0.991493
