0.973750
0.967833
0.755871
0.432350
0.138324
0.001989
0.082788
0.345491
0.675561
0.925662
0.995529
0.845920
0.545490
0.225226
0.024764
0.031505
0.242511
0.559237
0.860372
0.997840
0.918248
0.656300
0.326205
0.071884
0.004223
0.152721
0.452633
0.773197
0.974647
0.969150
0.759103
0.436087
0.140937
0.002339
0.080722
0.341911
0.672027
0.927139
0.996018
0.848633
0.549243
0.228383
0.025949
0.030201
0.239287
0.562043
0.857749
0.997476
0.920302
0.666113
0.329745
0.077332
0.003748
0.150019
0.448882
0.770032
0.973448
0.970440
0.762320
0.439828
0.143571
0.002717
0.078680
0.332110
0.668482
0.925167
0.996479
0.855989
0.559549
0.231556
0.027161
0.026754
0.236077
0.558301
0.855105
0.997083
0.922332
0.663444
0.333294
0.075828
0.003302
0.147336
0.445133
0.766852
0.972223
0.971704
0.765522
0.443572
0.150917
0.003124
0.073188
0.334776
0.664928
0.923171
0.996911
0.853997
0.556740
0.234744
0.028400
0.027674
0.232883
0.547992
0.852441
0.996662
0.924338
0.667002
0.336853
0.077836
0.002883
0.144674
0.441387
0.763656
0.968714
0.972941
0.768709
0.447319
0.148899
0.003559
0.074668
0.331222
0.655106
0.921151
0.997315
0.856650
0.560484
0.237948
0.029666
0.026451
0.229704
0.550806
0.845012
0.996213
0.926320
0.676737
0.346687
0.079868
0.002493
0.142032
0.437645
0.754791
0.969691
0.974151
0.771880
0.451070
0.151593
0.004022
0.072698
0.327679
0.657791
0.919107
0.997691
0.859282
0.564225
0.241166
0.030959
0.025254
0.226540
0.547054
0.847053
0.995736
0.931645
0.674090
0.343998
0.085579
0.002131
0.139410
0.433906
0.757220
0.968385
0.975334
0.775036
0.454823
0.154307
0.004513
0.070753
0.324145
0.654210
0.913364
0.998039
0.861893
0.567962
0.244398
0.032278
0.024085
0.223391
0.543300
0.844329
0.995231
0.930211
0.683770
0.347584
0.084004
0.001798
0.136809
0.430171
0.753980
0.967052
0.976490
0.778177
0.458578
0.157040
0.005033
0.068832
0.320621
0.650619
0.914948
0.998358
0.864484
0.578217
0.247646
0.033624
0.022943
0.220259
0.539543
0.836739
0.994697
0.932120
0.681138
0.357490
0.086107
0.001026
0.134228
0.426441
0.750725
0.965693
0.977619
0.781301
0.462337
0.159793
0.005580
0.066935
0.317107
0.647020
0.909075
0.998650
0.867055
0.575423
0.250907
0.034996
0.021827
0.217142
0.535784
0.838823
0.994136
0.934004
0.684646
0.361108
0.088234
0.001216
0.127239
0.422714
0.747456
0.964308
0.978720
0.784410
0.472682
0.167463
0.006156
0.065063
0.313603
0.643413
0.910694
0.998912
0.869604
0.579148
0.254183
0.036395
0.020739
0.214042
0.532022
0.836041
0.993546
0.935864
0.688144
0.358394
0.090384
0.000967
0.129129
0.418991
0.744174
0.962896
0.979795
0.787503
0.476447
0.165357
0.006760
0.063216
0.310110
0.639797
0.908532
0.999147
0.872132
0.582868
0.257473
0.037820
0.019678
0.210957
0.521670
0.833240
0.992928
0.940850
0.691632
0.362014
0.092557
0.000747
0.126611
0.415274
0.740877
0.958877
0.980842
0.790579
0.473623
0.168167
0.007391
0.058264
0.306628
0.636174
0.906347
0.999353
0.878976
0.593073
0.260777
0.039272
0.018645
0.207889
0.524495
0.830420
0.991085
0.939508
0.695108
0.365641
0.094754
0.000288
0.124115
0.405075
0.731741
0.959993
0.981862
0.793638
0.477388
0.170997
0.009273
0.059596
0.303157
0.632542
0.904139
0.999773
0.877126
0.590294
0.264094
0.040749
0.015944
0.199539
0.520729
0.822569
0.990362
0.941293
0.698574
0.369276
0.096974
0.000392
0.121639
0.407853
0.734242
0.958502
0.982854
0.796681
0.481155
0.178874
0.008739
0.057824
0.299698
0.628904
0.901908
0.999679
0.879590
0.593999
0.267424
0.044947
0.016660
0.201804
0.516961
0.824724
0.990907
0.943053
0.702028
0.372918
0.099217
0.000257
0.119186
0.404150
0.730905
0.956985
0.983819
0.804962
0.491518
0.176712
0.009455
0.056076
0.296249
0.625258
0.899654
0.999800
0.882033
0.597699
0.270768
0.043783
0.014110
0.198786
0.513193
0.821848
0.990177
0.944788
0.711467
0.376568
0.101482
0.000150
0.116753
0.400453
0.721661
0.955443
0.984757
0.807941
0.488691
0.179597
0.010198
0.054354
0.292812
0.615195
0.897377
0.999893
0.884454
0.601394
0.274125
0.045338
0.014785
0.195785
0.509424
0.818954
0.989419
0.946497
0.708902
0.380225
0.103770
0.000072
0.110178
0.396761
0.724192
0.951067
0.985667
0.805708
0.492460
0.182500
0.010970
0.052657
0.289387
0.617944
0.895078
0.999956
0.886854
0.605082
0.277495
0.046920
0.013888
0.187624
0.505655
0.816042
0.988634
0.948181
0.712321
0.383888
0.110178
0.000022
0.111955
0.393076
0.720816
0.952280
0.986549
0.808683
0.496230
0.190576
0.011769
0.050986
0.285974
0.614277
0.892756
0.999986
0.889231
0.615195
0.280877
0.051402
0.013020
0.189837
0.495288
0.813111
0.987821
0.949840
0.715728
0.393996
0.108414
0.000001
0.109588
0.382972
0.717427
0.950660
0.987404
0.811640
0.506597
0.193546
0.012596
0.049340
0.276651
0.610604
0.890412
0.999999
0.891586
0.612442
0.284272
0.050160
0.012179
0.181772
0.498115
0.810163
0.986980
0.951473
0.719123
0.391235
0.110769
0.000008
0.107244
0.385723
0.714026
0.949014
0.988231
0.819679
0.510366
0.191317
0.013451
0.047720
0.279184
0.606924
0.888045
0.999978
0.893919
0.616112
0.293670
0.051819
0.011366
0.183958
0.494345
0.807198
0.986112
0.953080
0.722505
0.394918
0.113146
0.000044
0.104922
0.375655
0.710613
0.947343
0.989030
0.817500
0.507540
0.194292
0.014333
0.046126
0.275808
0.596775
0.885657
0.999928
0.896230
0.626170
0.291098
0.053503
0.010581
0.175993
0.490576
0.804215
0.985215
0.954662
0.725875
0.398606
0.115546
0.000107
0.102623
0.378396
0.707188
0.945646
0.989802
0.820403
0.511309
0.197284
0.015243
0.044557
0.272445
0.599547
0.883246
0.999850
0.902468
0.623432
0.294529
0.055212
0.009823
0.178152
0.486807
0.801214
0.984292
0.956217
0.735075
0.402301
0.117967
0.000200
0.100346
0.374742
0.703751
0.943924
0.990545
0.828293
0.515077
0.200293
