0.003998
0.005295
0.004227
0.004166
0.004059
0.004105
0.004028
0.004089
0.004013
0.004059
0.004089
0.004181
0.004150
0.004135
0.004135
0.004074
0.004013
0.004105
0.004257
0.004059
0.004044
0.004059
0.004105
0.004044
0.004074
0.004074
0.004028
0.004028
0.003983
0.004028
0.004181
0.004150
0.004028
0.004105
0.004013
0.004089
0.004089
0.004074
0.004120
0.004013
0.004105
0.004089
0.004074
0.004120
0.004105
0.004044
0.004074
0.004074
0.004028
0.004089
0.004089
0.004105
0.004044
0.004105
0.004028
0.004028
0.004089
0.004150
0.004105
0.003998
0.004105
0.003998
0.004059
0.004059
0.004211
0.004150
0.004181
0.003952
0.003922
0.004089
0.004105
0.004059
0.004089
0.004044
0.004074
0.004074
0.004028
0.004074
0.004120
0.004089
0.004105
0.004120
0.004166
0.004089
0.004211
0.003967
0.004028
0.004227
0.004150
0.004028
0.004181
0.004074
0.004089
0.004166
0.004105
0.004028
0.004120
0.003983
0.004028
0.004028
0.004044
0.004120
0.004059
0.004074
0.004135
0.004013
0.004105
0.004150
0.003967
0.004089
0.003952
0.004120
0.004059
0.004166
0.004150
0.004105
0.004059
0.003983
0.004089
0.003967
0.004211
0.004120
0.003983
0.004181
0.004044
0.004059
0.004044
0.003967
0.004044
0.004135
0.004242
0.004120
0.004059
0.004089
0.004181
0.004089
0.004074
0.004105
0.003998
0.004074
0.004059
0.004074
0.004059
0.004105
0.003418
0.002289
0.001297
-0.000732
-0.005829
-0.009949
-0.010834
-0.008881
-0.009048
-0.009811
-0.011902
-0.014694
-0.016861
-0.016510
-0.016373
-0.017685
-0.021469
-0.024536
-0.025253
-0.026382
-0.028336
-0.030319
-0.032089
-0.035736
-0.037170
-0.038162
-0.040283
-0.043182
-0.044037
-0.045700
-0.049225
-0.051270
-0.053604
-0.056076
-0.057251
-0.056442
-0.056534
-0.058624
-0.064011
-0.069733
-0.071503
-0.073044
-0.075500
-0.077866
-0.079681
-0.079773
-0.082291
-0.086380
-0.088104
-0.089172
-0.092636
-0.095978
-0.098236
-0.099625
-0.101898
-0.104568
-0.107285
-0.109299
-0.110458
-0.111679
-0.113861
-0.118561
-0.121887
-0.121231
-0.121567
-0.124802
-0.129227
-0.132812
-0.134827
-0.136276
-0.136597
-0.136383
-0.136276
-0.135651
-0.137329
-0.138199
-0.137070
-0.135086
-0.135391
-0.136810
-0.136658
-0.136276
-0.136169
-0.135818
-0.135254
-0.131577
-0.125992
-0.123627
-0.122421
-0.120270
-0.116501
-0.112244
-0.109207
-0.107712
-0.106903
-0.104980
-0.103149
-0.101730
-0.099411
-0.097610
-0.096756
-0.094269
-0.091003
-0.088562
-0.086151
-0.083221
-0.082870
-0.081619
-0.077957
-0.074448
-0.071793
-0.071167
-0.071060
-0.070023
-0.067184
-0.063400
-0.061264
-0.060181
-0.057739
-0.053619
-0.052185
-0.051926
-0.048019
-0.045898
-0.047318
-0.049438
-0.050156
-0.047821
-0.042007
-0.036133
-0.032471
-0.029694
-0.027176
-0.025497
-0.024704
-0.024155
-0.023453
-0.019775
-0.019577
-0.019516
-0.022964
-0.024948
-0.025375
-0.024414
-0.021133
-0.020599
-0.020355
-0.021866
-0.022705
-0.022430
-0.022675
-0.021515
-0.021484
-0.022003
-0.022034
-0.024918
-0.026703
-0.028015
-0.031616
-0.032501
-0.031281
-0.028381
-0.022476
-0.022385
-0.024460
-0.030029
-0.031601
-0.036087
-0.038315
-0.040253
-0.040359
-0.041199
-0.041840
-0.048035
-0.048920
-0.051651
-0.054977
-0.056351
-0.059372
-0.060455
-0.065079
-0.067474
-0.070465
-0.072083
-0.075302
-0.078796
-0.079041
-0.080627
-0.083420
-0.085815
-0.085129
-0.087158
-0.088638
-0.091431
-0.094711
-0.097183
-0.100983
-0.101318
-0.102875
-0.104233
-0.105804
-0.106750
-0.109161
-0.113586
-0.115295
-0.116898
-0.117096
-0.118591
-0.118835
-0.121521
-0.124207
-0.127197
-0.126816
-0.128281
-0.130875
-0.129868
-0.125137
-0.125107
-0.129898
-0.133438
-0.139481
-0.139755
-0.140472
-0.142227
-0.143494
-0.144836
-0.144775
-0.144974
-0.145920
-0.146088
-0.145538
-0.146362
-0.150757
-0.150986
-0.146942
-0.144608
-0.143570
-0.143646
-0.143646
-0.144989
-0.144562
-0.141998
-0.139084
-0.132034
-0.128235
-0.123489
-0.122055
-0.117966
-0.114212
-0.112854
-0.109283
-0.107025
-0.101196
-0.100235
-0.100433
-0.098770
-0.092331
-0.089828
-0.088394
-0.081406
-0.077225
-0.071579
-0.071442
-0.073959
-0.075409
-0.072998
-0.066391
-0.063873
-0.057510
-0.056351
-0.053284
-0.050949
-0.050552
-0.050491
-0.048035
-0.042465
-0.041443
-0.040588
-0.039658
-0.037399
-0.036453
-0.034286
-0.033295
-0.028946
-0.026382
-0.026398
-0.025131
-0.023697
-0.022980
-0.023239
-0.023224
-0.023178
-0.020752
-0.016373
-0.015945
-0.015594
-0.015656
-0.016434
-0.016144
-0.015747
-0.015579
-0.015961
-0.016083
-0.016342
-0.018280
-0.018433
-0.016541
-0.015793
-0.016556
-0.016937
-0.018784
-0.020950
-0.023819
-0.026886
-0.026733
-0.028458
-0.030624
-0.037155
-0.039352
-0.042938
-0.047440
-0.051270
-0.058197
-0.060272
-0.065140
-0.067825
-0.073944
-0.077332
-0.081329
-0.081482
-0.081818
-0.088242
-0.091492
-0.092789
-0.094284
-0.100510
-0.103210
-0.105881
-0.109787
-0.113037
-0.116486
-0.118973
-0.123703
-0.125809
-0.129761
-0.132065
-0.136490
-0.138916
-0.145630
-0.156815
-0.159775
-0.161179
-0.162155
-0.163361
-0.164139
-0.168030
-0.170715
-0.173172
-0.173935
-0.175705
-0.177139
-0.175583
-0.173752
-0.175446
-0.176788
-0.176285
-0.176300
-0.176270
-0.176498
-0.178314
-0.180252
-0.178284
-0.175095
-0.170547
-0.168076
-0.161438
-0.160492
-0.161926
-0.160995
-0.159012
-0.149460
-0.144547
-0.134567
-0.130585
-0.124008
-0.122131
-0.117783
-0.111816
-0.109467
-0.104065
-0.101608
-0.097244
-0.094162
-0.090302
-0.089920
-0.086105
-0.081482
-0.074356
-0.069595
-0.066772
-0.061020
-0.058914
-0.054749
-0.051636
-0.046799
-0.045395
-0.044937
-0.042328
-0.038498
-0.031555
-0.030365
-0.027496
-0.025162
-0.022522
-0.022186
-0.022141
-0.018112
-0.015640
-0.014999
-0.016174
-0.015579
-0.015427
-0.015656
-0.015839
-0.017563
-0.018585
-0.017944
-0.014023
-0.013931
-0.014267
-0.014526
-0.015259
-0.014786
-0.014145
-0.014603
-0.013931
-0.009903
-0.007767
-0.009354
-0.012268
-0.015533
-0.015411
-0.015778
-0.015594
-0.015732
-0.014069
-0.013000
-0.014526
-0.016708
-0.019485
-0.019058
-0.016235
-0.016052
-0.015762
-0.016434
-0.016724
-0.016418
-0.016068
-0.016006
-0.015717
-0.015182
-0.015488
-0.014618
-0.012726
-0.013733
-0.017639
-0.017517
-0.017395
-0.017029
-0.016144
-0.014954
-0.012878
-0.014160
-0.014374
-0.014374
-0.015991
-0.014679
-0.013702
-0.015137
-0.015366
-0.012405
-0.009827
-0.010605
-0.013046
-0.013489
-0.016678
-0.016541
-0.016617
-0.016922
-0.017136
-0.017441
-0.017746
-0.017227
-0.016510
-0.018555
-0.019989
-0.023773
-0.025742
-0.032532
-0.038757
-0.040894
-0.042648
-0.043579
-0.050522
-0.054794
-0.057495
-0.056229
-0.057571
-0.068802
-0.073181
-0.076721
-0.077148
-0.079895
-0.082092
-0.087326
-0.090195
-0.093536
-0.092010
-0.092896
-0.102203
-0.107285
-0.109024
-0.106506
-0.102310
-0.102768
-0.104294
-0.106598
-0.108322
-0.111877
-0.112228
-0.113586
-0.115433
-0.119080
-0.118759
-0.115494
-0.115036
-0.119766
-0.121887
-0.119049
-0.115067
-0.115952
-0.116470
-0.116455
-0.117462
-0.117706
-0.118286
-0.116943
-0.117035
-0.117767
-0.116974
-0.108459
-0.102448
-0.093613
-0.091461
-0.087814
-0.083130
-0.080002
-0.074112
-0.071533
-0.065308
-0.060715
-0.053223
-0.052750
-0.048447
-0.041901
-0.041260
-0.038544
-0.036423
-0.035782
-0.036285
-0.034653
-0.032196
-0.024536
-0.018127
-0.016464
-0.012085
-0.010651
-0.011459
-0.011322
-0.009598
-0.008652
-0.007339
-0.008102
-0.008118
-0.008911
-0.007904
-0.007156
-0.007736
-0.008118
-0.008408
-0.009018
-0.008972
-0.008438
-0.008667
-0.007935
-0.005417
-0.005463
-0.008957
-0.010818
-0.009979
-0.008698
-0.008499
-0.013474
-0.017273
-0.022018
-0.024139
-0.029800
-0.030609
-0.028625
-0.029587
-0.034576
-0.036438
-0.036606
-0.038742
-0.039871
-0.044922
-0.047089
-0.047775
-0.047897
-0.049637
-0.052155
-0.054016
-0.056122
-0.056198
-0.056564
-0.057892
-0.062469
-0.063110
-0.059494
-0.061035
-0.066498
-0.074295
-0.075577
-0.074844
-0.075134
-0.077652
-0.080399
-0.088120
-0.093338
-0.095016
-0.101898
-0.104935
-0.104721
-0.104004
-0.106796
-0.110153
-0.112610
-0.110413
-0.106155
-0.110657
-0.112793
-0.113007
-0.111252
-0.108887
-0.108673
-0.109039
-0.109924
-0.112137
-0.110748
-0.110504
-0.112198
-0.114426
-0.115509
-0.113876
-0.110107
-0.107346
-0.100342
-0.096100
-0.094437
-0.089493
-0.086304
-0.081787
-0.080124
-0.075592
-0.072098
-0.066620
-0.065079
-0.059540
-0.050400
-0.047531
-0.045425
-0.044159
-0.039581
-0.037842
-0.033493
-0.030701
-0.024979
-0.020584
-0.017242
-0.009705
-0.007690
-0.004501
-0.002060
0.002655
0.003296
0.003525
0.001099
-0.000946
-0.000458
0.001801
0.004730
0.004440
0.002609
0.002487
0.001770
0.002106
0.002594
0.002884
0.002884
0.002853
0.002121
-0.001419
-0.001984
-0.003082
-0.005783
-0.008484
-0.016312
-0.017761
-0.015884
-0.016434
-0.022690
-0.026123
-0.029816
-0.033234
-0.036484
-0.042053
-0.043991
-0.048859
-0.050903
-0.050644
-0.050217
-0.055389
-0.064651
-0.067062
-0.070450
-0.072464
-0.077759
-0.080231
-0.081848
-0.082947
-0.088425
-0.093048
-0.093338
-0.095734
-0.099136
-0.104187
-0.104813
-0.108414
-0.112701
-0.118805
-0.121826
-0.124283
-0.128632
-0.129517
-0.131042
-0.133484
-0.141190
-0.143066
-0.145935
-0.153534
-0.157013
-0.160828
-0.161331
-0.162338
-0.163193
-0.161743
-0.159592
-0.158844
-0.164795
-0.166168
-0.161163
-0.158951
-0.163269
-0.165222
-0.162277
-0.158615
-0.151962
-0.148499
-0.141052
-0.133713
-0.132034
-0.129715
-0.124985
-0.112152
-0.107590
-0.103745
-0.102158
-0.096680
-0.091232
-0.088776
-0.081268
-0.076889
-0.070770
-0.068436
-0.064011
-0.060638
-0.052979
-0.051392
-0.049637
-0.041763
-0.038376
-0.037292
-0.037094
-0.034485
-0.030716
-0.021194
-0.017639
-0.011063
-0.004669
-0.002090
0.001404
0.001587
0.002823
0.003555
0.003082
0.003464
0.002701
0.002548
0.003159
0.003174
0.003113
0.002762
0.003128
0.002792
0.002686
0.002975
0.003281
0.003220
0.003326
0.003342
0.003433
0.002411
-0.000717
-0.000977
-0.000076
0.001007
0.004166
0.003860
0.003738
0.003357
0.002914
0.003433
0.003418
0.003555
0.003006
0.002914
0.003326
0.003372
0.003647
0.003006
0.002640
0.003326
0.003387
0.003616
0.003601
0.003036
0.003082
0.003510
0.003571
0.003479
0.003082
0.003357
0.003296
0.003433
0.003342
0.003387
0.003235
0.003265
0.003387
0.003586
0.003128
0.002991
0.003311
0.003448
0.003342
0.002991
0.003510
0.003418
0.002869
0.002899
0.003387
0.003448
0.003448
0.003464
0.001190
-0.000839
-0.000153
0.002090
0.003952
0.003922
0.003845
0.003128
0.002243
0.003067
0.003052
0.002899
0.002548
0.002640
0.002808
0.003082
0.002762
0.002838
0.003128
0.002716
0.002747
0.002655
0.003052
0.002853
0.001526
0.002777
0.003372
0.003464
0.003189
0.003296
0.003342
0.003067
0.003418
0.002991
0.003403
0.003418
0.003387
0.003464
0.002930
0.003311
