1.000000
1.000000
1.000000
1.000000
1.000000
1.000000
1.000000
1.000000
1.000000
1.000000
1.000000
1.000000
1.000000
1.000000
1.000000
1.000000
1.000000
1.000000
1.000000
1.000000
1.000000
1.000000
1.000000
1.000000
1.000000
1.000000
1.000000
1.000000
1.000000
1.000000
1.000000
1.000000
1.000000
1.000000
1.000000
1.000000
1.000000
1.000000
1.000000
1.000000
0.993756
1.000000
1.000000
1.000000
1.000000
1.000000
1.000000
1.000000
1.000000
1.000000
1.000000
1.000000
1.000000
1.000000
1.000000
1.000000
1.000000
1.000000
1.000000
1.000000
1.000000
1.000000
1.000000
1.000000
1.000000
1.000000
1.000000
1.000000
1.000000
1.000000
1.000000
1.000000
1.000000
1.000000
1.000000
1.000000
1.000000
1.000000
1.000000
1.000000
1.000000
1.000000
1.000000
1.000000
1.000000
1.000000
1.000000
1.000000
0.981267
1.000000
1.000000
1.000000
1.000000
1.000000
1.000000
1.000000
1.000000
1.000000
1.000000
1.000000
1.000000
1.000000
1.000000
1.000000
1.000000
1.000000
1.000000
1.000000
1.000000
1.000000
1.000000
1.000000
1.000000
1.000000
1.000000
1.000000
1.000000
1.000000
1.000000
1.000000
1.000000
1.000000
1.000000
1.000000
1.000000
1.000000
1.000000
1.000000
1.000000
1.000000
1.000000
1.000000
1.000000
1.000000
1.000000
1.000000
1.000000
1.000000
1.000000
0.998216
1.000000
0.996432
1.000000
0.995540
0.993756
0.981267
0.965210
0.965210
0.944692
0.953613
0.963426
0.927743
0.942908
0.916146
0.933987
0.925067
0.941124
0.921499
0.876896
0.885816
0.879572
0.905442
0.879572
0.806423
0.864407
0.871543
0.831401
0.841213
0.824264
0.834969
0.814451
0.810883
0.803747
0.785905
0.779661
0.776985
0.760928
0.765388
0.762712
0.754683
0.802855
0.722569
0.712756
0.717217
0.710080
0.695807
0.719893
0.681534
0.676182
0.623550
0.652096
0.633363
0.636039
0.586084
0.617306
0.602141
0.607493
0.585192
0.580732
0.573595
0.563782
0.553078
0.541481
0.540589
0.504906
0.518287
0.453167
0.497770
0.503122
0.490633
0.465656
0.428189
0.451383
0.451383
0.451383
0.454059
0.450491
0.438002
0.451383
0.456735
0.425513
0.453167
0.462979
0.451383
0.459411
0.451383
0.468332
0.451383
0.473684
0.496878
0.521855
0.516503
0.517395
0.520071
0.538805
0.545941
0.561106
0.564674
0.580732
0.593220
0.562890
0.599465
0.594112
0.598573
0.614630
0.630687
0.631579
0.634255
0.645852
0.669046
0.655665
0.675290
0.684211
0.688671
0.698483
0.699376
0.660125
0.705620
0.708296
0.735058
0.756467
0.752899
0.766280
0.773417
0.777877
0.798394
0.803747
0.800178
0.837645
0.824264
0.795718
0.835861
0.810883
0.852810
0.873327
0.885816
0.880464
0.885816
0.891169
0.895629
0.903657
0.892061
0.898305
0.902765
0.900089
0.902765
0.906334
0.907226
0.907226
0.911686
0.892061
0.903657
0.907226
0.896521
0.898305
0.907226
0.892953
0.892953
0.909902
0.898305
0.912578
0.834969
0.893845
0.900089
0.897413
0.884032
0.879572
0.879572
0.850134
0.851026
0.838537
0.827832
0.835861
0.812667
0.802855
0.798394
0.793934
0.782337
0.791258
0.766280
0.752007
0.745763
0.735058
0.728814
0.716325
0.699376
0.700268
0.699376
0.663693
0.659233
0.653880
0.647636
0.594112
0.595897
0.642284
0.632471
0.622658
0.602141
0.598573
0.595897
0.581624
0.575379
0.575379
0.565566
0.555754
0.561106
0.542373
0.537021
0.523640
0.499554
0.517395
0.509367
0.508475
0.498662
0.489741
0.488849
0.474576
0.478145
0.465656
0.468332
0.465656
0.453167
0.457627
0.445138
0.438894
0.434434
0.407672
0.407672
0.407672
0.407672
0.363961
0.420161
0.416592
0.420161
0.407672
0.421945
0.460303
0.431757
0.422837
0.421945
0.421053
0.420161
0.422837
0.429081
0.451383
0.479929
0.471008
0.479929
0.505798
0.511151
0.525424
0.538805
0.545941
0.564674
0.593220
0.581624
0.608385
0.598573
0.621766
0.651204
0.651204
0.651204
0.619982
0.675290
0.683318
0.625335
0.700268
0.735950
0.725245
0.734166
0.745763
0.748439
0.765388
0.771632
0.718109
0.788582
0.791258
0.800178
0.820696
0.809991
0.819804
0.838537
0.842997
0.851918
0.846566
0.879572
0.878680
0.862623
0.879572
0.879572
0.894737
0.893845
0.898305
0.896521
0.892953
0.903657
0.919715
0.928635
0.930419
0.933987
0.925959
0.925067
0.919715
0.923283
0.948260
0.936664
0.917930
0.904550
0.936664
0.914362
0.921499
0.914362
0.879572
0.909010
0.895629
0.902765
0.885816
0.853702
0.853702
0.832293
0.823372
0.812667
0.794826
0.788582
0.785013
0.757360
0.720785
0.736842
0.711864
0.694023
0.685103
0.669938
0.653880
0.651204
0.613738
0.619090
0.627119
0.608385
0.593220
0.574487
0.565566
0.511151
0.526316
0.550401
0.500446
0.429081
0.482605
0.481713
0.452275
0.441570
0.426405
0.404103
0.382694
0.374665
0.310437
0.342551
0.319358
0.335415
0.339875
0.317574
0.311329
0.259590
0.297056
0.306869
0.279215
0.308653
0.284567
0.296164
0.291704
0.285459
0.294380
0.297056
0.291704
0.300624
0.304193
0.268510
0.337199
0.289920
0.343443
0.367529
0.385370
0.396967
0.421053
0.451383
0.453167
0.460303
0.479929
0.494202
0.518287
0.532560
0.539697
0.565566
0.587868
0.585192
0.619090
0.618198
0.641392
0.656557
0.675290
0.685103
0.703836
0.711864
0.728814
0.761820
0.754683
0.784121
0.778769
0.799286
0.805531
0.827832
0.835861
0.854594
0.860839
0.861731
0.809099
0.888492
0.892061
0.907226
0.896521
0.888492
0.920607
0.926851
0.922391
0.921499
0.919715
0.914362
0.914362
0.907226
0.922391
0.926851
0.930419
0.926851
0.933987
0.920607
0.928635
0.924175
0.923283
0.922391
0.922391
0.925959
0.923283
0.925067
0.924175
0.925067
0.928635
0.920607
0.933095
0.851026
0.936664
0.924175
0.894737
0.927743
0.921499
0.913470
0.922391
0.933095
0.922391
0.932203
0.932203
0.926851
0.925959
0.923283
0.934880
0.918822
0.936664
0.921499
0.935772
0.965210
0.925067
0.925067
0.925067
0.931311
0.932203
0.923283
0.936664
0.924175
0.920607
0.932203
0.912578
0.852810
0.926851
0.925067
0.922391
0.931311
0.912578
0.877788
0.924175
0.928635
0.925067
0.926851
0.927743
0.930419
0.917930
0.917930
0.925067
0.921499
0.926851
0.913470
0.907226
0.887600
0.862623
0.851026
0.838537
0.830508
0.817128
0.809099
0.782337
0.753791
0.765388
0.738626
0.728814
0.710972
0.708296
0.692239
0.669938
0.669938
0.667261
0.635147
0.642284
0.625335
0.619982
0.609277
0.594112
0.583408
0.582516
0.568243
0.594112
0.570919
0.570919
0.573595
0.560214
0.549509
0.549509
0.552186
0.528100
0.524532
0.532560
0.525424
0.464764
0.524532
0.520071
0.493310
0.520963
0.521855
0.513827
0.531668
0.523640
0.531668
0.520963
0.520071
0.517395
0.538805
0.562890
0.586084
0.599465
0.618198
0.639607
0.651204
0.673506
0.679750
0.710972
0.709188
0.725245
0.748439
0.762712
0.760036
0.785013
0.818020
0.820696
0.831401
0.842105
0.849242
0.859946
0.880464
0.879572
0.838537
0.923283
0.928635
0.933987
0.939340
0.942016
0.942908
0.936664
0.952721
0.942016
0.956289
0.958965
0.956289
0.954505
0.952721
0.953613
0.956289
0.959857
0.950937
0.965210
0.942016
0.951829
0.955397
0.950937
0.957181
0.949153
0.951829
0.942908
0.932203
0.942016
0.922391
0.916146
0.908118
0.892953
0.888492
0.882248
0.853702
0.859054
0.849242
0.851026
0.851026
0.846566
0.765388
0.816235
0.806423
0.779661
0.728814
0.775201
0.714541
0.770740
0.766280
0.751115
0.697591
0.746655
0.736842
0.736842
0.720785
0.727029
0.727029
0.698483
0.680642
0.685103
0.679750
0.666369
0.651204
0.639607
0.628011
0.598573
0.594112
0.520071
0.573595
0.575379
0.560214
0.550401
0.553970
0.568243
0.565566
0.545941
0.552186
0.543265
0.553970
0.506690
0.545049
0.546833
0.548617
0.552186
0.538805
0.532560
0.552186
0.537913
0.550401
0.537021
0.559322
0.570919
0.580732
0.603033
0.608385
0.620874
0.599465
0.645852
0.669938
0.646744
0.641392
0.710080
0.733274
0.753791
0.764496
0.790366
0.806423
0.808207
0.828724
0.831401
0.851026
0.876004
0.880464
0.893845
0.936664
0.939340
0.955397
0.983943
0.985727
1.000000
0.999108
1.000000
0.998216
0.994648
1.000000
1.000000
0.993756
0.995540
0.971454
0.993756
1.000000
0.960749
0.996432
0.998216
0.993756
1.000000
0.993756
0.993756
0.978591
0.979483
0.971454
0.950045
0.937556
0.925067
0.910794
0.889384
0.907226
0.818020
0.808207
0.838537
0.837645
0.824264
0.811775
0.793934
0.802855
0.768064
0.757360
0.760928
0.732382
0.731490
0.715433
0.698483
0.648528
0.667261
0.601249
0.661017
0.651204
0.636931
0.623550
0.612846
0.556646
0.587868
0.575379
0.565566
0.550401
0.546833
0.528100
0.505798
0.492417
0.482605
0.425513
0.461195
0.449599
0.432649
0.429081
0.394291
0.396967
0.375558
0.370205
0.356824
0.357716
0.357716
0.308653
0.359500
0.350580
0.363069
0.348796
0.336307
0.337199
0.341659
0.365745
0.380910
0.394291
0.406780
0.446030
0.464764
0.422837
0.487957
0.494202
0.528992
0.537021
0.564674
0.537021
0.600357
0.618198
0.603925
0.651204
0.678858
0.685995
0.708296
0.732382
0.684211
0.752899
0.768064
0.745763
0.810883
0.822480
0.831401
0.870651
0.860839
0.883140
0.897413
0.924175
0.939340
0.961641
0.985727
0.984835
0.987511
0.991971
1.000000
0.885816
0.993756
0.998216
0.993756
0.948260
0.987511
0.956289
0.995540
1.000000
0.999108
0.998216
0.998216
0.995540
1.000000
0.994648
1.000000
0.967886
1.000000
0.998216
1.000000
0.999108
0.995540
0.997324
1.000000
0.993756
0.993756
0.995540
0.993756
0.993756
0.995540
0.995540
0.999108
0.947368
1.000000
0.993756
1.000000
0.931311
0.983943
1.000000
1.000000
1.000000
0.999108
0.996432
0.990187
1.000000
0.995540
1.000000
1.000000
1.000000
0.975022
0.994648
0.996432
0.992864
0.994648
1.000000
0.925959
1.000000
0.993756
1.000000
0.999108
0.998216
0.995540
0.994648
0.989295
0.995540
0.993756
0.992864
1.000000
1.000000
0.996432
0.997324
0.933987
0.995540
1.000000
0.998216
0.992864
0.999108
0.993756
0.993756
0.965210
0.998216
0.993756
0.998216
0.983943
1.000000
0.993756
1.000000
0.993756
1.000000
1.000000
1.000000
1.000000
0.996432
1.000000
0.993756
0.994648
0.996432
1.000000
1.000000
0.999108
1.000000
0.993756
1.000000
0.999108
0.956289
0.999108
1.000000
0.966102
0.936664
0.996432
0.995540
1.000000
0.999108
0.993756
0.978591
0.992864
1.000000
0.987511
0.996432
1.000000
0.993756
0.993756
0.994648
0.982159
0.990187
0.952721
0.993756
1.000000
0.998216
0.953613
1.000000
0.997324
0.988403
0.998216
1.000000
1.000000
1.000000
0.960749
0.998216
0.965210
