0.345444
0.342331
0.342377
0.342392
0.342621
0.342621
0.342575
0.342361
0.342239
0.342316
0.342224
0.342133
0.342072
0.341385
0.341385
0.341431
0.341492
0.340607
0.339996
0.340149
0.340286
0.340607
0.340134
0.339432
0.339661
0.339661
0.339508
0.339615
0.339478
0.339676
0.339569
0.339233
0.337051
0.337021
0.336700
0.335663
0.335297
0.335281
0.335342
0.335342
0.335327
0.335312
0.335449
0.335342
0.335388
0.335419
0.335373
0.335236
0.335312
0.335297
0.335220
0.335327
0.335281
0.335251
0.335342
0.335312
0.335419
0.335297
0.335190
0.335419
0.335236
0.335236
0.335266
0.335159
0.335312
0.335312
0.335342
0.335251
0.335297
0.335281
0.335266
0.335297
0.335342
0.335129
0.335236
0.335266
0.335266
0.335342
0.335281
0.335297
0.335205
0.335205
0.335281
0.335342
0.335251
0.335236
0.335327
0.335358
0.335358
0.335297
0.335220
0.335297
0.335342
0.335312
0.335358
0.335205
0.335312
0.335342
0.335403
0.335342
0.335449
0.335358
0.335327
0.335358
0.335403
0.335342
0.335297
0.335327
0.335266
0.335342
0.335144
0.335312
0.335236
0.335358
0.335358
0.335358
0.335373
0.335297
0.335281
0.335342
0.335205
0.335266
0.335342
0.335312
0.335327
0.335312
0.335388
0.335281
0.335236
0.335266
0.335281
0.335236
0.335327
0.335342
0.335175
0.335342
0.335312
0.335327
0.335327
0.335419
0.335312
0.335312
0.335312
0.335342
0.335373
0.335297
0.335342
0.335312
0.335342
0.335236
0.335297
0.335312
0.335358
0.335281
0.335220
0.335358
0.335266
0.334442
0.333145
0.330078
0.325348
0.321899
0.312759
0.307205
0.294388
0.287613
0.274231
0.267273
0.253784
0.240295
0.233582
0.220993
0.214905
0.203690
0.198532
0.188187
0.182861
0.172073
0.161392
0.156219
0.146820
0.142960
0.136139
0.133209
0.128021
0.125717
0.122147
0.119370
0.118011
0.115204
0.113693
0.110397
0.108322
0.103241
0.100937
0.099014
0.098999
0.098953
0.098969
0.098953
0.098953
0.099014
0.099045
0.098969
0.098938
0.098770
0.098969
0.098801
0.098694
0.098755
0.098755
0.098740
0.098724
0.098679
0.098541
0.098618
0.098572
0.098541
0.098480
0.098511
0.098648
0.098465
0.098480
0.098465
0.098541
0.098434
0.098495
0.098572
0.098557
0.098434
0.098465
0.098526
0.098480
0.098511
0.098541
0.098541
0.098648
0.099091
0.099258
0.099319
0.099915
0.100632
0.103745
0.106049
0.112396
0.121368
0.126984
0.139938
0.147232
0.162949
0.171021
0.186981
0.194962
0.210968
0.227386
0.235413
0.250473
0.257263
0.270279
0.276443
0.288727
0.294830
0.305222
0.313156
0.316055
0.319443
0.320175
0.320007
0.320023
0.320038
0.320068
0.320160
0.320038
0.320038
0.320129
0.320129
0.320129
0.320190
0.320099
0.320068
0.320114
0.320129
0.320145
0.320145
0.320038
0.320145
0.320129
0.320190
0.320114
0.320129
0.320190
0.320160
0.320145
0.320206
0.320129
0.320236
0.320129
0.320251
0.320206
0.320160
0.320236
0.320145
0.320190
0.320175
0.320221
0.320221
0.320251
0.320114
0.320190
0.320145
0.320190
0.320145
0.320267
0.320129
0.320175
0.320190
0.320175
0.320068
0.320099
0.320129
0.320114
0.320190
0.319931
0.320236
0.320221
0.320084
0.320084
0.318817
0.315475
0.313049
0.306427
0.302505
0.293365
0.288116
0.276581
0.269989
0.255447
0.247742
0.231812
0.215805
0.208160
0.192947
0.184860
0.168716
0.160553
0.145233
0.138443
0.126282
0.116348
0.112289
0.105515
0.102966
0.100342
0.100266
0.100128
0.100204
0.100220
0.100159
0.100067
0.100098
0.099945
0.100067
0.099854
0.100021
0.100021
0.099915
0.099792
0.099884
0.099747
0.099792
0.099655
0.099579
0.099609
0.099594
0.099503
0.099533
0.099518
0.099472
0.099457
0.099487
0.099503
0.099396
0.099426
0.099411
0.099380
0.099564
0.099426
0.099487
0.099426
0.099426
0.099487
0.099487
0.099579
0.099579
0.099670
0.100006
0.100006
0.100037
0.100266
0.100433
0.101044
0.102814
0.104294
0.107864
0.112442
0.115158
0.121887
0.125992
0.134735
0.139313
0.148788
0.153564
0.162292
0.169647
0.172729
0.177658
0.179565
0.183121
0.184769
0.188019
0.189285
0.191803
0.194565
0.196167
0.200546
0.203445
0.210846
0.215286
0.224503
0.229065
0.237579
0.241608
0.248810
0.255936
0.259598
0.267258
0.271454
0.279526
0.283493
0.291824
0.295776
0.303085
0.308746
0.311035
0.314575
0.315857
0.317520
0.317963
0.318054
0.318024
0.318039
0.318085
0.318115
0.318054
0.318207
0.318069
0.318115
0.318069
0.318146
0.318115
0.318115
0.318054
0.318100
0.318161
0.318222
0.318115
0.318130
0.318192
0.318253
0.318039
0.318054
0.318130
0.318085
0.318176
0.318192
0.318130
0.318192
0.318146
0.318115
0.318176
0.318176
0.318024
0.318130
0.318130
0.318069
0.318130
0.318115
0.318115
0.318130
0.318100
0.318130
0.318192
0.318237
0.318054
0.318253
0.316284
0.314148
0.312103
0.312851
0.314285
0.317780
0.318771
0.318192
0.318863
0.321518
0.323685
0.329697
0.336014
0.339508
0.346375
0.349457
0.355103
0.357468
0.360825
0.361649
0.361588
0.360001
0.359085
0.355576
0.353790
0.351944
0.351913
0.351974
0.351944
0.351715
0.350983
0.350586
0.350586
0.350540
0.350464
0.350510
0.350357
0.350449
0.350677
0.350998
0.351196
0.351685
0.351807
0.352234
0.352463
0.352829
0.352722
0.352905
0.352722
0.352524
0.352081
0.352020
0.351608
0.351395
0.350693
0.350067
0.348877
0.347351
0.346375
0.344467
0.343201
0.340271
0.338669
0.334808
0.332504
0.327423
0.321960
0.318558
0.311295
0.307693
0.300369
0.296616
0.288239
0.283447
0.272705
0.261185
0.255463
0.244781
0.239777
0.230606
0.226303
0.218018
0.214005
0.206284
0.199142
0.195770
0.189255
0.186340
0.181015
0.178131
0.172272
0.169586
0.163986
0.158447
0.155609
0.150604
0.148743
0.143997
0.141434
0.136993
0.134766
0.130386
0.126434
0.124573
0.120972
0.119385
0.116104
0.114395
0.111160
0.109879
0.106873
0.104614
0.103882
0.102585
0.101883
0.100952
0.100494
0.099625
0.099136
0.097916
0.097336
0.096008
0.094940
0.094574
0.093765
0.093475
0.093079
0.092758
0.092331
0.092224
0.092026
0.091888
0.091843
0.091248
0.090836
0.090378
0.090347
0.090439
0.090408
0.090393
0.090408
0.090637
0.091461
0.091934
0.093582
0.094406
0.096725
0.098175
0.101242
0.104675
0.106613
0.110901
0.113403
0.118576
0.121445
0.128082
0.131424
0.138733
0.146545
0.150558
0.158661
0.162872
0.171616
0.176147
0.185211
0.189896
0.199768
0.209930
0.214966
0.225632
0.230652
0.240921
0.246399
0.257034
0.262375
0.273132
0.284241
0.289551
0.300018
0.304993
0.314697
0.318893
0.326035
0.329254
0.334824
0.337265
0.341629
0.344849
0.345215
0.345108
0.344559
0.344025
0.344070
0.343994
0.343933
0.343735
0.343857
0.343704
0.343643
0.343475
0.343521
0.343369
0.343414
0.343491
0.343445
0.343430
0.343414
0.343430
0.343475
0.343277
0.343048
0.342819
0.342880
0.342865
0.342712
0.342728
0.342804
0.342819
0.342743
0.342773
0.342758
0.342804
0.342667
0.342682
0.342819
0.342743
0.342773
0.342712
0.342697
0.342743
0.342865
0.342758
0.342728
0.342865
0.342728
0.342712
0.342697
0.342850
0.342743
0.342758
0.342758
0.342926
0.342743
0.342834
0.342773
0.342804
0.342804
0.342758
0.342697
0.342743
0.342667
0.342804
0.342712
0.342758
0.342850
0.342896
0.342804
0.342773
0.342743
0.342850
0.342865
0.342728
0.342819
0.342773
0.342819
0.342819
0.342758
0.342743
0.342789
0.342789
0.342789
0.342743
0.342758
0.342911
0.342789
0.342758
0.342667
0.342789
0.342773
0.342712
0.342819
0.342712
0.342789
0.342819
0.342773
0.342819
0.342865
0.342865
0.342682
0.342758
0.342804
0.342834
0.342743
0.342880
0.342850
0.342896
0.342743
0.342819
0.342804
0.342773
0.342728
