1.000000
1.000000
1.000000
0.995318
1.000000
1.000000
1.000000
1.000000
1.000000
1.000000
1.000000
1.000000
0.996255
1.000000
1.000000
1.000000
1.000000
1.000000
1.000000
1.000000
0.999064
0.999064
1.000000
0.985019
1.000000
1.000000
1.000000
1.000000
0.998127
0.999064
1.000000
1.000000
1.000000
0.995318
1.000000
1.000000
1.000000
1.000000
1.000000
1.000000
1.000000
1.000000
1.000000
1.000000
0.996255
1.000000
1.000000
1.000000
1.000000
1.000000
1.000000
1.000000
1.000000
1.000000
0.998127
1.000000
1.000000
1.000000
1.000000
0.999064
1.000000
1.000000
1.000000
1.000000
1.000000
0.998127
0.999064
1.000000
1.000000
1.000000
1.000000
1.000000
0.987828
1.000000
1.000000
1.000000
1.000000
1.000000
1.000000
1.000000
1.000000
1.000000
1.000000
1.000000
1.000000
1.000000
1.000000
1.000000
1.000000
1.000000
1.000000
1.000000
0.998127
0.985019
1.000000
1.000000
1.000000
0.999064
1.000000
0.998127
1.000000
1.000000
1.000000
1.000000
1.000000
1.000000
1.000000
1.000000
1.000000
1.000000
1.000000
0.998127
0.985019
0.985019
0.999064
0.998127
0.999064
1.000000
1.000000
1.000000
1.000000
1.000000
1.000000
1.000000
0.973783
1.000000
1.000000
1.000000
1.000000
0.999064
1.000000
0.999064
0.986891
0.941011
0.971910
0.958802
0.955993
0.956929
0.959738
1.000000
0.954120
0.949438
0.884831
0.926030
0.951311
1.000000
0.949438
0.935393
0.915730
0.892322
0.864232
0.837079
0.809925
0.861423
0.741573
0.706929
0.693820
0.660112
0.629214
0.592697
0.579588
0.544007
0.511236
0.490637
0.406367
0.415730
0.389513
0.370787
0.358614
0.335206
0.299625
0.266854
0.236891
0.217228
0.201311
0.161985
0.138577
0.147940
0.158240
0.070225
0.045880
0.014981
0.090824
0.000000
0.000000
0.000000
0.000000
0.000000
0.000000
0.000000
0.000000
0.000000
0.000000
0.000000
0.000000
0.000000
0.000000
0.000000
0.000000
0.000000
0.000000
0.000000
0.000000
0.000000
0.000000
0.000000
0.000000
0.000000
0.000000
0.000000
0.000000
0.000000
0.000000
0.000000
0.000000
0.000000
0.000000
0.000000
0.000000
0.000000
0.000000
0.000000
0.000936
0.000000
0.000000
0.000000
0.000000
0.000000
0.000000
0.000000
0.028090
0.054307
0.087079
0.130150
0.130150
0.310861
0.290262
0.294007
0.372659
0.385768
0.425094
0.585206
0.533708
0.567416
0.623595
0.639513
0.729401
0.718165
0.762172
0.794007
0.809925
0.837079
0.848315
0.885768
0.908240
0.948502
0.987828
0.924157
1.000000
1.000000
1.000000
1.000000
1.000000
1.000000
1.000000
1.000000
1.000000
1.000000
1.000000
1.000000
1.000000
1.000000
1.000000
1.000000
1.000000
1.000000
1.000000
1.000000
1.000000
1.000000
1.000000
1.000000
1.000000
1.000000
1.000000
1.000000
1.000000
1.000000
1.000000
1.000000
1.000000
1.000000
1.000000
1.000000
1.000000
1.000000
1.000000
1.000000
1.000000
1.000000
1.000000
1.000000
1.000000
1.000000
1.000000
1.000000
1.000000
1.000000
1.000000
1.000000
1.000000
1.000000
1.000000
1.000000
1.000000
1.000000
1.000000
1.000000
0.957865
1.000000
0.907303
0.852060
0.817416
0.757491
0.716292
0.669476
0.712547
0.549625
0.543071
0.484082
0.441948
0.407303
0.369850
0.336142
0.294007
0.264045
0.215356
0.140449
0.159176
0.129213
0.093633
0.137640
0.030899
0.014981
0.000000
0.000000
0.000000
0.000000
0.000000
0.000000
0.000000
0.000000
0.000000
0.000000
0.000000
0.000000
0.000000
0.000000
0.000000
0.000000
0.000000
0.000000
0.000000
0.000000
0.000000
0.000000
0.000000
0.000000
0.000000
0.000000
0.000000
0.000000
0.000000
0.000000
0.000000
0.000000
0.000000
0.000000
0.000000
0.000000
0.079588
0.000000
0.012172
0.029963
0.049625
0.049625
0.089888
0.105805
0.110487
0.153558
0.158240
0.190075
0.292135
0.220037
0.245318
0.258427
0.263109
0.298689
0.327715
0.404494
0.339888
0.370787
0.383895
0.399813
0.428839
0.441011
0.457865
0.506554
0.463483
0.519663
0.526217
0.535581
0.543071
0.579588
0.582397
0.532772
0.575843
0.598315
0.632959
0.636704
0.665730
0.677903
0.693820
0.793071
0.723783
0.744382
0.831461
0.769663
0.793071
0.831461
0.806180
0.832397
0.851124
0.864232
0.879214
0.891386
0.913858
0.911985
0.955056
1.000000
0.969101
0.970037
1.000000
1.000000
1.000000
1.000000
1.000000
1.000000
1.000000
1.000000
1.000000
1.000000
1.000000
1.000000
1.000000
1.000000
1.000000
1.000000
1.000000
1.000000
1.000000
1.000000
1.000000
1.000000
1.000000
1.000000
1.000000
1.000000
1.000000
1.000000
1.000000
1.000000
1.000000
1.000000
1.000000
1.000000
1.000000
1.000000
1.000000
1.000000
1.000000
1.000000
1.000000
1.000000
1.000000
1.000000
1.000000
1.000000
1.000000
1.000000
1.000000
1.000000
1.000000
1.000000
1.000000
1.000000
1.000000
1.000000
1.000000
1.000000
1.000000
1.000000
1.000000
1.000000
1.000000
1.000000
1.000000
1.000000
1.000000
1.000000
1.000000
1.000000
1.000000
1.000000
1.000000
1.000000
1.000000
1.000000
1.000000
1.000000
1.000000
1.000000
1.000000
1.000000
1.000000
1.000000
1.000000
1.000000
1.000000
1.000000
1.000000
1.000000
1.000000
1.000000
1.000000
1.000000
1.000000
1.000000
1.000000
1.000000
1.000000
1.000000
1.000000
1.000000
1.000000
1.000000
1.000000
1.000000
1.000000
1.000000
1.000000
0.989700
0.938202
0.904494
0.865169
0.832397
0.800562
0.746255
0.623595
0.669476
0.701311
0.549625
0.495318
0.456929
0.423221
0.395131
0.376404
0.354869
0.389513
0.339888
0.361423
0.354869
0.364232
0.352996
0.352060
0.357678
0.351124
0.352996
0.348315
0.360487
0.352060
0.340824
0.309925
0.297753
0.255618
0.230337
0.228464
0.206929
0.192884
0.275281
0.176966
0.100187
0.071161
0.038390
0.026217
0.000000
0.000000
0.000000
0.000000
0.000000
0.000000
0.000000
0.000000
0.000000
0.000000
0.000000
0.000000
0.000000
0.000000
0.000000
0.000000
0.000000
0.000000
0.000000
0.000000
0.000000
0.000000
0.000000
0.000000
0.000000
0.000000
0.000000
0.000000
0.000000
0.000000
0.000000
0.000000
0.000000
0.000000
0.000000
0.000000
0.000000
0.058052
0.039326
0.067416
0.100187
0.123596
0.160112
0.190075
0.213483
0.220037
0.264981
0.279963
0.297753
0.327715
0.342697
0.453184
0.399813
0.421348
0.458802
0.485019
0.494382
0.597378
0.563670
0.593633
0.644195
0.640449
0.677903
0.699438
0.739700
0.753745
0.786517
0.806180
0.875468
0.861423
0.893258
0.925094
0.939139
0.967228
0.999064
1.000000
1.000000
1.000000
1.000000
1.000000
1.000000
1.000000
1.000000
1.000000
1.000000
1.000000
1.000000
1.000000
1.000000
1.000000
1.000000
1.000000
1.000000
1.000000
1.000000
1.000000
1.000000
1.000000
1.000000
1.000000
1.000000
1.000000
1.000000
1.000000
1.000000
1.000000
1.000000
1.000000
1.000000
1.000000
1.000000
1.000000
1.000000
1.000000
1.000000
1.000000
1.000000
1.000000
1.000000
1.000000
1.000000
1.000000
1.000000
1.000000
1.000000
1.000000
1.000000
1.000000
1.000000
1.000000
1.000000
1.000000
1.000000
1.000000
1.000000
1.000000
1.000000
1.000000
1.000000
1.000000
1.000000
1.000000
1.000000
1.000000
1.000000
1.000000
1.000000
1.000000
1.000000
1.000000
1.000000
1.000000
1.000000
1.000000
1.000000
1.000000
1.000000
1.000000
1.000000
1.000000
1.000000
1.000000
1.000000
1.000000
1.000000
1.000000
1.000000
1.000000
1.000000
1.000000
1.000000
1.000000
1.000000
1.000000
1.000000
1.000000
1.000000
1.000000
1.000000
1.000000
1.000000
1.000000
1.000000
1.000000
1.000000
1.000000
1.000000
1.000000
1.000000
1.000000
1.000000
1.000000
1.000000
1.000000
1.000000
1.000000
1.000000
1.000000
1.000000
1.000000
1.000000
1.000000
1.000000
1.000000
1.000000
1.000000
1.000000
1.000000
1.000000
1.000000
1.000000
1.000000
1.000000
1.000000
1.000000
1.000000
1.000000
1.000000
1.000000
1.000000
1.000000
1.000000
1.000000
1.000000
1.000000
1.000000
1.000000
1.000000
1.000000
1.000000
1.000000
1.000000
1.000000
1.000000
1.000000
1.000000
1.000000
1.000000
1.000000
1.000000
1.000000
