0.004791
0.004684
0.004868
0.004791
0.004730
0.004791
0.004669
0.004730
0.004669
0.004761
0.004822
0.004868
0.004761
0.004608
0.004776
0.004776
0.004822
0.004822
0.004745
0.004745
0.004883
0.004700
0.004791
0.004669
0.004730
0.004730
0.004730
0.004807
0.004791
0.004791
0.004761
0.004791
0.004730
0.004929
0.004700
0.004700
0.004791
0.004898
0.004715
0.004898
0.004837
0.004837
0.004761
0.004715
0.004837
0.004852
0.004807
0.004883
0.004761
0.004868
0.004776
0.004807
0.004776
0.004837
0.004730
0.004730
0.004730
0.004654
0.004730
0.004730
0.004868
0.004776
0.004761
0.004852
0.004852
0.004807
0.004868
0.004990
0.004822
0.004868
0.004654
0.004745
0.004822
0.004868
0.004730
0.004822
0.004715
0.004623
0.004730
0.004669
0.004700
0.004333
0.004227
0.004532
0.005005
0.004822
0.004868
0.004959
0.005188
0.004990
0.004990
0.004944
0.004608
0.004913
0.004654
0.004501
0.005066
0.004807
0.003983
0.004990
0.004578
0.004318
0.003922
0.004639
0.004440
0.004547
0.004654
0.004532
0.004303
0.004379
0.004318
0.004944
0.005035
0.004913
0.004684
0.004639
0.004730
0.004608
0.005203
0.004929
0.004562
0.004547
0.004562
0.004623
0.004303
0.003464
0.005005
0.004578
0.004578
0.004654
0.004715
0.004715
0.004471
0.003403
0.004547
0.004379
0.004181
0.004257
0.004456
0.004364
0.004623
0.004883
0.004517
0.004684
0.004745
0.004333
0.004608
0.004745
0.005142
0.005432
0.006058
0.006607
0.006775
0.007553
0.007080
0.007996
0.008118
0.007614
0.007675
0.007538
0.006958
0.006271
0.005936
0.006500
0.007263
0.007996
0.008316
0.007309
0.005844
0.004868
0.005280
0.004929
0.004883
0.004959
0.006531
0.007568
0.008774
0.009918
0.010300
0.010773
0.011475
0.011642
0.011795
0.011398
0.011292
0.011002
0.010574
0.010025
0.009781
0.009384
0.008530
0.007599
0.006271
0.005325
0.005402
0.004822
0.004715
0.004837
0.004974
0.005096
0.005020
0.004684
0.004562
0.003677
0.004166
0.004333
0.004120
0.004349
0.004303
0.004456
0.004211
0.004272
0.004288
0.003784
0.004272
0.004944
0.004623
0.004242
0.004013
0.004227
0.004379
0.004486
0.004257
0.004181
0.004105
0.004242
0.004227
0.004395
0.004486
0.003601
0.004562
0.004288
0.004257
0.004501
0.004471
0.004578
0.004456
0.004562
0.004593
0.004532
0.004593
0.004425
0.004272
0.004593
0.004349
0.004684
0.004471
0.003998
0.004669
0.004684
0.003983
0.004211
0.004257
0.004150
0.004410
0.004639
0.004593
0.004532
0.004761
0.004425
0.004166
0.003662
0.004318
0.004150
0.004318
0.004547
0.004135
0.004410
0.004272
0.004196
0.004303
0.004211
0.004211
0.004486
0.004395
0.004349
0.004471
0.004517
0.004318
0.004578
0.004440
0.004440
0.004517
0.004517
0.004517
0.004532
0.004013
0.004822
0.004257
0.004471
0.004532
0.004654
0.004440
0.004562
0.004791
0.004120
0.004852
0.004349
0.004700
0.004181
0.004700
0.004166
0.004898
0.003708
0.003357
0.003876
0.004471
0.004501
0.002701
0.004578
0.004166
0.005096
0.005020
0.004120
0.003036
0.005142
0.003769
0.003876
0.003601
0.003799
0.004868
0.004501
0.004807
0.005020
0.003983
0.004089
0.004471
0.004288
0.002975
0.003799
0.003571
0.003464
0.003357
0.001465
-0.002075
-0.007095
-0.010468
-0.017090
-0.019760
-0.024231
-0.026123
-0.027527
-0.029327
-0.035309
-0.039780
-0.041534
-0.041428
-0.043213
-0.046112
-0.047653
-0.049271
-0.048279
-0.048279
-0.047668
-0.049423
-0.052811
-0.054169
-0.056091
-0.057480
-0.058334
-0.058151
-0.056274
-0.059448
-0.060974
-0.062363
-0.062012
-0.062103
-0.063065
-0.063995
-0.064651
-0.065521
-0.065674
-0.067032
-0.065262
-0.062347
-0.061020
-0.061584
-0.065735
-0.066940
-0.067017
-0.069336
-0.069305
-0.070831
-0.069565
-0.071732
-0.073196
-0.073364
-0.072342
-0.072815
-0.070618
-0.071381
-0.073181
-0.072998
-0.073074
-0.074738
-0.073456
-0.074631
-0.076157
-0.077820
-0.077560
-0.080933
-0.082870
-0.083801
-0.085571
-0.089172
-0.090225
-0.094940
-0.099060
-0.101303
-0.104797
-0.105225
-0.108566
-0.111145
-0.111893
-0.113892
-0.117218
-0.119568
-0.122482
-0.126465
-0.126282
-0.126526
-0.128876
-0.133377
-0.134567
-0.137466
-0.137329
-0.137100
-0.137421
-0.139069
-0.139145
-0.137482
-0.137604
-0.139160
-0.138580
-0.137787
-0.137833
-0.139343
-0.139526
-0.140045
-0.139404
-0.136581
-0.133972
-0.127701
-0.123093
-0.120560
-0.117523
-0.114410
-0.110641
-0.108704
-0.103714
-0.102188
-0.098495
-0.095245
-0.093414
-0.092682
-0.090561
-0.087372
-0.086716
-0.083511
-0.082809
-0.080826
-0.077545
-0.074966
-0.071365
-0.070206
-0.066696
-0.066360
-0.063950
-0.062592
-0.062210
-0.058517
-0.056351
-0.051376
-0.050522
-0.049164
-0.047073
-0.048004
-0.047562
-0.042542
-0.036896
-0.034302
-0.030853
-0.028549
-0.024765
-0.023788
-0.019836
-0.018494
-0.016281
-0.012909
-0.012222
-0.009644
-0.010712
-0.011444
-0.009842
-0.007355
-0.006790
-0.005676
-0.005386
-0.003738
-0.000412
0.000656
0.002197
0.001373
-0.000305
0.000565
0.003433
0.002472
0.003098
0.003281
0.003418
0.003464
0.003281
0.003586
0.003357
0.001572
-0.001480
-0.002686
-0.004974
-0.006821
-0.011795
-0.013153
-0.016617
-0.020050
-0.025864
-0.029434
-0.031845
-0.036362
-0.038315
-0.041580
-0.043976
-0.048035
-0.049820
-0.054245
-0.060028
-0.061691
-0.063385
-0.065231
-0.070526
-0.075363
-0.077530
-0.077225
-0.080322
-0.082550
-0.083862
-0.089615
-0.094498
-0.097198
-0.096558
-0.101425
-0.102600
-0.108383
-0.112213
-0.114304
-0.117065
-0.120148
-0.123169
-0.123779
-0.125809
-0.127426
-0.129044
-0.131531
-0.134003
-0.138962
-0.139359
-0.143250
-0.146851
-0.148865
-0.147156
-0.148026
-0.150864
-0.152222
-0.153610
-0.154495
-0.153687
-0.152786
-0.152649
-0.154877
-0.154922
-0.155045
-0.153656
-0.152267
-0.153244
-0.154007
-0.156342
-0.158051
-0.156204
-0.155579
-0.153503
-0.150543
-0.146591
-0.144745
-0.141068
-0.139893
-0.134491
-0.129959
-0.126709
-0.122650
-0.123535
-0.121521
-0.117905
-0.110611
-0.105133
-0.098312
-0.095612
-0.091110
-0.087265
-0.087173
-0.080750
-0.078232
-0.073532
-0.070145
-0.064804
-0.063705
-0.060150
-0.057312
-0.053207
-0.050354
-0.050369
-0.047165
-0.044571
-0.042419
-0.041122
-0.039581
-0.034409
-0.033371
-0.030502
-0.027802
-0.022385
-0.020767
-0.019318
-0.018677
-0.017578
-0.014420
-0.012100
-0.009705
-0.007797
-0.005753
-0.006256
-0.007462
-0.006454
-0.005402
-0.004929
-0.004669
-0.001007
0.000061
0.003632
0.003860
0.003952
0.003952
0.003952
0.003922
0.003860
0.003845
0.003876
0.004028
0.003845
0.003998
0.003983
0.003906
0.003830
0.003769
0.003769
0.003830
0.002609
0.003128
0.003708
0.004074
0.003906
0.003891
0.003952
0.002609
0.003235
0.003784
0.004074
0.003998
0.003876
0.003799
0.003845
0.003830
0.003998
0.003952
0.003952
0.003983
0.004028
0.003983
0.004013
0.004044
0.004120
0.004059
0.004150
0.004028
0.004166
0.004196
0.004044
0.003891
0.003571
-0.000900
-0.002716
-0.003052
-0.004684
-0.005554
-0.007782
-0.008728
-0.012238
-0.013565
-0.015930
-0.016144
-0.019135
-0.021973
-0.021927
-0.020477
-0.020813
-0.022903
-0.023056
-0.027115
-0.030914
-0.035034
-0.038849
-0.040970
-0.040771
-0.041779
-0.044937
-0.047272
-0.047318
-0.046677
-0.049484
-0.051239
-0.053375
-0.058960
-0.061249
-0.064255
-0.065781
-0.069305
-0.070953
-0.074036
-0.078049
-0.080597
-0.082764
-0.082123
-0.087036
-0.089630
-0.093384
-0.095276
-0.097534
-0.101379
-0.103928
-0.107620
-0.109207
-0.111893
-0.114380
-0.119522
-0.120804
-0.124939
-0.130554
-0.133453
-0.139374
-0.141098
-0.140869
-0.142593
-0.141617
-0.141235
-0.140427
-0.141525
-0.143265
-0.141037
-0.140289
-0.140488
-0.138367
-0.131058
-0.128357
-0.121841
-0.115463
-0.111511
-0.109222
-0.109604
-0.107452
-0.108429
-0.104904
-0.101028
-0.093781
-0.089569
-0.086761
-0.083282
-0.083801
-0.080627
-0.077698
-0.070724
-0.067871
-0.059830
-0.052216
-0.048538
-0.041687
-0.038879
-0.030762
-0.027145
-0.021118
-0.018555
-0.012390
-0.011505
-0.008804
-0.008362
-0.006851
-0.002106
-0.001114
0.001663
0.002304
0.003723
0.003891
0.003845
0.003876
0.003891
0.003799
0.003983
0.003952
0.003845
0.003952
0.003799
0.003876
0.003677
0.003815
0.003860
0.003723
0.003601
0.003647
0.003784
0.003784
0.003845
0.002289
0.002609
-0.001480
-0.003098
-0.005066
-0.006058
-0.010483
-0.012833
-0.015335
-0.018539
-0.021088
-0.023499
-0.023392
-0.027283
-0.029953
-0.033798
-0.034988
-0.037140
-0.037811
-0.039551
-0.040726
-0.042480
-0.045288
-0.046417
-0.049240
-0.050690
-0.053284
-0.055161
-0.056488
-0.062057
-0.064346
-0.068344
-0.069611
-0.072479
-0.074600
-0.079117
-0.079834
-0.083252
-0.085144
-0.087265
-0.089203
-0.091080
-0.093170
-0.094284
-0.093857
-0.096024
-0.100067
-0.103668
-0.107819
-0.110397
-0.113754
-0.117783
-0.120972
-0.124390
-0.125977
-0.129898
-0.131531
-0.131805
-0.133850
-0.135422
-0.137665
-0.136444
-0.135071
-0.136063
-0.135193
-0.132690
-0.133240
-0.136887
-0.137054
-0.137543
-0.136185
-0.136139
-0.137344
-0.137466
-0.137146
-0.132828
-0.126678
-0.122360
-0.117004
-0.113007
-0.107452
-0.103836
-0.097839
-0.095352
-0.088760
-0.081940
-0.079773
-0.073547
-0.068665
-0.062881
-0.060226
-0.055176
-0.051758
-0.045486
-0.041290
-0.039322
-0.035126
-0.031403
-0.024872
-0.022690
-0.018829
-0.016357
-0.011459
-0.008270
-0.001724
0.001785
0.002823
0.002975
0.002899
0.002975
0.003128
0.003326
0.003479
0.003601
0.003632
0.003616
0.003723
0.003754
0.003677
0.003738
0.003662
0.003616
0.003571
0.003510
0.003601
0.003387
0.003464
0.003571
0.003723
0.003815
0.003860
0.003860
0.003769
0.003616
-0.001068
-0.003265
-0.006836
-0.009628
-0.015656
-0.017426
-0.020157
-0.021759
-0.021072
-0.021439
-0.022293
-0.023560
-0.023102
-0.020172
-0.019577
-0.018829
-0.019302
-0.020630
-0.020523
-0.019745
-0.020996
-0.020782
-0.022949
-0.022720
-0.019272
-0.019562
-0.019089
-0.021072
-0.021149
-0.020844
-0.020142
-0.019241
-0.019119
-0.020172
-0.019577
-0.020203
-0.020752
-0.020218
-0.021317
-0.022934
-0.022003
-0.020370
-0.020813
-0.019989
-0.019775
-0.021286
-0.020935
-0.020370
-0.020569
-0.019485
-0.020111
-0.020645
-0.020355
-0.020477
-0.021622
-0.021194
-0.022568
-0.021927
-0.021057
-0.019882
-0.018845
-0.019791
-0.020386
-0.021500
-0.020370
-0.020264
-0.021423
-0.020050
-0.018906
-0.020981
-0.020416
-0.017410
-0.014862
-0.010529
-0.006348
-0.002136
0.003342
0.004898
0.004807
0.004227
0.004303
0.004761
0.004684
0.005035
0.004150
0.004318
0.004868
0.004898
0.004227
0.004425
0.004776
0.004959
0.004974
0.004288
0.004425
0.004959
0.004990
0.004395
0.004456
0.004868
0.004761
0.004791
0.004547
0.004623
0.004578
0.004562
0.004608
0.004745
0.004608
0.004669
0.004669
0.004623
0.004486
0.004974
0.004990
0.004105
0.004028
0.005188
0.005356
0.003967
0.004074
0.003998
0.005264
0.005402
0.003784
0.001251
-0.001190
-0.009354
-0.014481
-0.021408
-0.026810
-0.027954
-0.026260
-0.027145
-0.031219
-0.031525
-0.031998
-0.030792
-0.027863
-0.029083
-0.032944
-0.032837
-0.030319
-0.028366
-0.028381
-0.032669
-0.037781
-0.045303
-0.048676
-0.056549
-0.062256
-0.064682
-0.068634
-0.069839
-0.070343
-0.071609
-0.073700
-0.076950
-0.081650
-0.085541
-0.087708
-0.091537
-0.092422
-0.098389
-0.101105
-0.104858
-0.106232
-0.107697
-0.109024
-0.109360
-0.107742
-0.109619
-0.109863
-0.112122
-0.118759
-0.122894
-0.131088
-0.136261
-0.143021
-0.147659
-0.149719
-0.152267
-0.152527
-0.151123
-0.151474
-0.152176
-0.151932
-0.151886
-0.153717
-0.159363
-0.165375
-0.167267
-0.166290
-0.164429
-0.166382
-0.168030
-0.171661
-0.174759
-0.179169
-0.185501
-0.189880
-0.196655
-0.198761
-0.199615
-0.199539
-0.203125
-0.206116
-0.208313
-0.211380
-0.214127
-0.215561
-0.216522
-0.219925
-0.218918
-0.219330
-0.217621
-0.219559
-0.217987
-0.218658
-0.219162
-0.218521
-0.213226
-0.210510
-0.202682
-0.201233
-0.200073
-0.203033
-0.202515
-0.204163
-0.203888
-0.200882
-0.201385
-0.204346
-0.203629
-0.201904
-0.200134
-0.199997
-0.203079
-0.203110
-0.202957
-0.202209
-0.203796
-0.202896
-0.202835
-0.203247
-0.204224
-0.203064
-0.203934
-0.205017
-0.204788
-0.205536
-0.205063
-0.204651
-0.205643
-0.206573
-0.204727
-0.205261
-0.206650
-0.205063
-0.202637
-0.204117
-0.202499
-0.203079
-0.202194
-0.202103
-0.203491
-0.204056
-0.202652
-0.204910
-0.206100
-0.203476
-0.201401
-0.202225
-0.205521
-0.205185
-0.202866
-0.203781
-0.199173
-0.195648
-0.189117
-0.184494
-0.181595
-0.175201
-0.172455
-0.164902
-0.161774
-0.153961
-0.150146
-0.147568
-0.144714
-0.141464
-0.131577
-0.127502
-0.120651
-0.116058
-0.109421
-0.107452
-0.102722
-0.096985
-0.095154
-0.089920
-0.087753
-0.083038
-0.080627
-0.072830
-0.070892
-0.064682
-0.057251
-0.053558
-0.046936
-0.046356
-0.046188
-0.047546
-0.053085
-0.052460
-0.051575
-0.051773
-0.046921
-0.047134
-0.049942
-0.052872
-0.055695
-0.058258
-0.057159
-0.061447
-0.063553
-0.070557
-0.074921
-0.079330
-0.081085
-0.083084
-0.083893
-0.084549
-0.085892
-0.085770
-0.085083
-0.088028
-0.090836
-0.091324
-0.090668
-0.093750
-0.093536
-0.096817
-0.099548
-0.103546
-0.106995
-0.108017
-0.108154
-0.108887
-0.110977
-0.112579
-0.115204
-0.115662
-0.112213
-0.111084
-0.112000
-0.113052
-0.115051
-0.119049
-0.119858
-0.122284
-0.123871
-0.126236
-0.126709
-0.128159
-0.134232
-0.134216
-0.137161
-0.139008
-0.144958
-0.145737
-0.150711
-0.156143
-0.159470
-0.164001
-0.167923
-0.171875
-0.175308
-0.177292
-0.176682
-0.176849
-0.177536
-0.177811
-0.176285
-0.176178
-0.174362
-0.175491
-0.175949
-0.176956
-0.174393
-0.167297
-0.162567
-0.152573
-0.148300
-0.136856
-0.132919
-0.125153
-0.121140
-0.115524
-0.107071
-0.102509
-0.095505
-0.093643
-0.087616
-0.084381
-0.076782
-0.074585
-0.072571
-0.067734
-0.067596
-0.065262
-0.062454
-0.054047
-0.051575
-0.045700
-0.043350
-0.038300
-0.036163
-0.033188
-0.027908
-0.026077
-0.023087
-0.021011
-0.020599
-0.021576
-0.022125
-0.021896
-0.022980
-0.024536
-0.024612
-0.027298
-0.030884
-0.036301
-0.039505
-0.043549
-0.047791
-0.051178
-0.055817
-0.058624
-0.061844
-0.065628
-0.071213
-0.072861
-0.077789
-0.081848
-0.084152
-0.085480
-0.086960
-0.093048
-0.095566
-0.103622
-0.104721
-0.110535
-0.116501
-0.118637
-0.121796
-0.124680
-0.129044
-0.132263
-0.133606
-0.132965
-0.137039
-0.141373
-0.145523
-0.148117
-0.151505
-0.160599
-0.162537
-0.165802
-0.166367
-0.168182
-0.175110
-0.179626
-0.186157
-0.190384
-0.196625
-0.200134
-0.204529
-0.207260
-0.211914
-0.214661
-0.217209
-0.220322
-0.218796
-0.219101
-0.219406
-0.219101
-0.219910
-0.220093
-0.218887
-0.219162
-0.219696
-0.218796
-0.218674
-0.219620
-0.219162
-0.219803
-0.219574
-0.219086
-0.219666
-0.219650
-0.219101
-0.219818
-0.218613
-0.216553
-0.214233
-0.205414
-0.200851
-0.193390
-0.184296
-0.179459
-0.171021
-0.167847
-0.160049
-0.155441
-0.147812
-0.143692
-0.135468
-0.125107
-0.121658
-0.114410
-0.111160
-0.103989
-0.101074
-0.095459
-0.092834
-0.088135
-0.083130
-0.080078
-0.075455
-0.071365
-0.064590
-0.062653
-0.057922
-0.055359
-0.055527
-0.056671
-0.058273
-0.057144
-0.055298
-0.056610
-0.058334
-0.057297
-0.056183
-0.058212
-0.058594
-0.058945
-0.061401
-0.062515
-0.067459
-0.069061
-0.075150
-0.078537
-0.083557
-0.088608
-0.093399
-0.100784
-0.101868
-0.103882
-0.104858
-0.102371
-0.102203
-0.104813
-0.103561
-0.100632
-0.092270
-0.088898
-0.082184
-0.078934
-0.074936
-0.072021
-0.068329
-0.065720
-0.063492
-0.057037
-0.054626
-0.047729
-0.046692
-0.042633
-0.041626
-0.041550
-0.041748
-0.040497
-0.038879
-0.040436
-0.044312
-0.045151
-0.050247
-0.053223
-0.059021
-0.066223
-0.069443
-0.076141
-0.078934
-0.085464
-0.086609
-0.092178
-0.095535
-0.099808
-0.104218
-0.107712
-0.109238
-0.107574
-0.107727
-0.109207
-0.107056
-0.104645
-0.099197
-0.092026
-0.089569
-0.083191
-0.080933
-0.078140
-0.074554
-0.066849
-0.065674
-0.060959
-0.055344
-0.052856
-0.046967
-0.044495
-0.039902
-0.037170
-0.030853
-0.028992
-0.023712
-0.023499
-0.024582
-0.026703
-0.027863
-0.034332
-0.039215
-0.045532
-0.047516
-0.049957
-0.056061
-0.061127
-0.069855
-0.074814
-0.083099
-0.087708
-0.093918
-0.098389
-0.106598
-0.115463
-0.118713
-0.127090
-0.129761
-0.138977
-0.143585
-0.149719
-0.152008
-0.153305
-0.153046
-0.150681
-0.150986
-0.151321
-0.148697
-0.144943
-0.134979
-0.131363
-0.123260
-0.116913
-0.112213
-0.106720
-0.102783
-0.095551
-0.090942
-0.086624
-0.082565
-0.078506
-0.070618
-0.067413
-0.060532
-0.057770
-0.048660
-0.043289
-0.035263
-0.030548
-0.022430
-0.016998
-0.015045
-0.015671
-0.017014
-0.016663
-0.014786
-0.014938
-0.016342
-0.019287
-0.026093
-0.028183
-0.033920
-0.035919
-0.041168
-0.042908
-0.048141
-0.050842
-0.056458
-0.061508
-0.064957
-0.069153
-0.069794
-0.076126
-0.078094
-0.078003
-0.077103
-0.078735
-0.078140
-0.078796
-0.079254
-0.078659
-0.071442
-0.067184
-0.061020
-0.058411
-0.052002
-0.047211
-0.041824
-0.036652
-0.034409
-0.030945
-0.027481
-0.022598
-0.019516
-0.016678
-0.017365
-0.019409
-0.017151
-0.015213
-0.015839
-0.018402
-0.025848
-0.028671
-0.035049
-0.038803
-0.042603
-0.049149
-0.051407
-0.057312
-0.062927
-0.072113
-0.078720
-0.085693
-0.086731
-0.091492
-0.096878
-0.096970
-0.097015
-0.096069
-0.090958
-0.089722
-0.085052
-0.081985
-0.075836
-0.067352
-0.064972
-0.055817
-0.050262
-0.043930
-0.041229
-0.036118
-0.033997
-0.027359
-0.022812
-0.022675
-0.022858
-0.022202
-0.019852
-0.018448
-0.019104
-0.021103
-0.028870
-0.035950
-0.040665
-0.048279
-0.051529
-0.059113
-0.062393
-0.069092
-0.071793
-0.079483
-0.084427
-0.087662
-0.092911
-0.093872
-0.101715
-0.104675
-0.110214
-0.113556
-0.119736
-0.126617
-0.131378
-0.140228
-0.143707
-0.145432
-0.147415
-0.149994
-0.149307
-0.152802
-0.153442
-0.153671
-0.150909
-0.151993
-0.154282
-0.153687
-0.150131
-0.146271
-0.135101
-0.131165
-0.123322
-0.116470
-0.112930
-0.105270
-0.103134
-0.096863
-0.093338
-0.087402
-0.083847
-0.078156
-0.071594
-0.069031
-0.063293
-0.059250
-0.052551
-0.047638
-0.040970
-0.039062
-0.032501
-0.027191
-0.023605
-0.021530
-0.021988
-0.021057
-0.020004
-0.017410
-0.017044
-0.017670
-0.018692
-0.017487
-0.017166
-0.017776
-0.017014
-0.017181
-0.017532
-0.017349
-0.018814
-0.018555
-0.019562
-0.016922
-0.017731
-0.017212
-0.019547
-0.017776
-0.015442
0.003448
-0.004593
-0.007767
-0.008133
-0.007355
-0.007858
-0.008453
-0.006409
-0.007187
-0.008331
-0.011490
-0.011017
-0.006973
-0.004395
-0.000259
0.000946
-0.000702
-0.001236
0.000092
-0.000824
-0.000885
0.001129
-0.000137
-0.003357
-0.002243
-0.000870
-0.001556
0.000290
0.000946
0.000015
-0.000153
-0.000244
-0.000305
-0.000305
-0.000763
-0.000824
-0.000977
-0.000717
-0.000275
-0.001099
-0.002945
-0.006592
-0.005432
-0.000900
-0.001251
-0.002258
-0.002060
-0.001892
-0.001129
-0.001160
-0.001587
-0.001541
-0.001892
-0.001190
-0.000458
-0.001343
-0.002167
-0.002548
-0.001556
-0.001831
-0.001205
0.000885
0.000809
0.000992
0.001434
0.002045
0.002899
0.003769
0.004684
0.006042
0.010208
0.011337
0.012222
0.011856
0.010559
0.009354
0.008438
0.009186
0.009186
0.008408
0.008026
0.007431
0.007309
0.006531
0.005814
0.005539
0.005493
0.005539
0.005417
0.005325
0.005005
0.004959
0.004547
0.004364
0.004379
0.004318
0.004333
0.004074
0.004135
0.004089
0.004166
0.004227
0.004211
0.004196
0.004089
0.004044
0.004089
0.004227
0.004135
0.004089
0.004074
0.004166
0.004120
0.004059
0.004120
0.004089
0.004181
0.004105
0.004089
0.004089
0.004074
0.004135
0.004135
0.004211
0.004089
0.004028
0.004166
0.004074
0.004059
0.004013
0.004135
0.004181
0.004044
0.004089
0.004135
0.004120
0.004196
0.004089
0.004074
0.004059
0.004089
0.004105
0.004089
0.004150
0.004135
0.004135
0.004181
0.004059
0.004135
0.004074
0.004074
0.004135
0.004120
0.004181
0.004013
0.004089
0.004044
0.004089
0.004074
0.004227
0.004074
0.004181
0.004044
0.004028
0.004059
0.004150
0.004120
0.004120
0.004105
0.004089
0.004120
0.004211
0.004150
0.003922
0.004150
0.004105
0.004074
0.004181
0.004120
0.004028
0.004105
0.004166
0.004181
0.004074
0.004120
0.004044
0.004105
0.004196
0.004150
0.004181
0.004120
0.004105
0.004059
0.004150
0.004059
0.004013
0.004059
0.004135
0.004135
0.004135
0.004196
0.004013
0.004135
0.004089
0.004059
0.004105
0.004120
0.004242
0.004013
0.004150
0.004059
0.004105
0.004120
0.004120
0.004211
0.004028
0.004089
0.004120
0.004120
0.004074
ets Jul 29 2019 12:21:46

rst:0x1 (POWERON_RESET),boot:0x13 (SPI_FAST_FLASH_BOOT)
configsip: 0, SPIWP:0xee
clk_drv:0x00,q_drv:0x00,d_drv:0x00,cs0_drv:0x00,hd_drv:0x00,wp_drv:0x00
mode:DIO, clock div:1
load:0x3fff0030,len:1344
load:0x40078000,len:13964
load:0x40080400,len:3600
entry 0x400805f0
E (12516) ledc: ledc_get_duty(740): LEDC is not initialized
