1.000000
1.000000
1.000000
1.000000
1.000000
0.943150
0.993476
1.000000
1.000000
0.985089
0.966449
1.000000
1.000000
1.000000
1.000000
1.000000
1.000000
1.000000
0.999068
0.999068
1.000000
1.000000
1.000000
1.000000
1.000000
1.000000
1.000000
1.000000
0.998136
1.000000
1.000000
1.000000
1.000000
1.000000
1.000000
1.000000
1.000000
1.000000
1.000000
1.000000
1.000000
1.000000
1.000000
0.941286
0.985089
0.925443
0.992544
1.000000
1.000000
1.000000
0.958993
1.000000
1.000000
0.943150
1.000000
1.000000
1.000000
1.000000
1.000000
1.000000
1.000000
0.923579
1.000000
1.000000
0.919851
1.000000
1.000000
1.000000
1.000000
1.000000
1.000000
1.000000
1.000000
0.992544
1.000000
1.000000
1.000000
1.000000
1.000000
0.996272
1.000000
1.000000
1.000000
1.000000
0.997204
1.000000
0.954334
0.996272
0.979497
1.000000
1.000000
1.000000
1.000000
1.000000
1.000000
1.000000
1.000000
1.000000
1.000000
1.000000
1.000000
1.000000
1.000000
1.000000
1.000000
0.929171
1.000000
1.000000
1.000000
1.000000
1.000000
1.000000
1.000000
1.000000
0.997204
1.000000
1.000000
1.000000
1.000000
1.000000
1.000000
1.000000
1.000000
1.000000
1.000000
0.995340
1.000000
0.999068
1.000000
1.000000
1.000000
1.000000
0.961789
1.000000
1.000000
1.000000
0.999068
1.000000
1.000000
1.000000
1.000000
1.000000
1.000000
1.000000
1.000000
1.000000
0.997204
1.000000
1.000000
1.000000
1.000000
1.000000
1.000000
1.000000
1.000000
1.000000
1.000000
1.000000
1.000000
1.000000
1.000000
1.000000
1.000000
1.000000
1.000000
1.000000
1.000000
1.000000
1.000000
0.928239
1.000000
1.000000
1.000000
0.999068
1.000000
1.000000
1.000000
1.000000
1.000000
1.000000
1.000000
1.000000
1.000000
1.000000
1.000000
1.000000
0.997204
1.000000
1.000000
1.000000
0.979497
1.000000
1.000000
1.000000
1.000000
1.000000
1.000000
1.000000
1.000000
1.000000
0.937558
1.000000
1.000000
1.000000
1.000000
1.000000
1.000000
1.000000
0.991612
1.000000
1.000000
1.000000
1.000000
1.000000
1.000000
1.000000
1.000000
0.995340
0.982293
1.000000
1.000000
0.994408
1.000000
1.000000
0.931035
0.949674
1.000000
1.000000
1.000000
1.000000
0.994408
1.000000
1.000000
1.000000
0.995340
1.000000
0.922647
0.995340
1.000000
0.935694
1.000000
1.000000
1.000000
1.000000
1.000000
1.000000
0.924511
0.927307
1.000000
0.950606
1.000000
1.000000
1.000000
0.989748
1.000000
1.000000
1.000000
1.000000
1.000000
1.000000
1.000000
1.000000
1.000000
1.000000
1.000000
1.000000
1.000000
0.979497
1.000000
1.000000
1.000000
1.000000
1.000000
1.000000
1.000000
1.000000
1.000000
1.000000
0.999068
1.000000
1.000000
1.000000
1.000000
1.000000
1.000000
1.000000
1.000000
1.000000
1.000000
1.000000
1.000000
1.000000
1.000000
1.000000
1.000000
1.000000
1.000000
1.000000
1.000000
1.000000
1.000000
1.000000
1.000000
1.000000
1.000000
1.000000
1.000000
1.000000
1.000000
1.000000
1.000000
1.000000
0.986021
1.000000
1.000000
1.000000
1.000000
1.000000
1.000000
1.000000
1.000000
0.994408
0.951538
1.000000
1.000000
1.000000
1.000000
1.000000
0.999068
0.999068
0.984157
0.979497
0.894688
0.946878
0.937558
0.905871
0.893756
0.881640
0.792171
0.856477
0.753029
0.809879
0.813607
0.802423
0.800559
0.787512
0.764212
0.769804
0.767940
0.758621
0.723206
0.758621
0.740913
0.740913
0.746505
0.742777
0.736253
0.728798
0.727866
0.726002
0.720410
0.705499
0.714818
0.659832
0.707363
0.694315
0.698975
0.698043
0.692451
0.693383
0.697111
0.694315
0.700839
0.698975
0.691519
0.686859
0.700839
0.685927
0.682199
0.680336
0.668220
0.668220
0.664492
0.667288
0.654240
0.654240
0.651445
0.657036
0.657968
0.656104
0.659832
0.657968
0.651445
0.661696
0.649581
0.658900
0.637465
0.631873
0.623486
0.610438
0.610438
0.611370
0.591799
0.587139
0.555452
0.536813
0.532153
0.518173
0.505126
0.492078
0.419385
0.479031
0.466915
0.413793
0.447344
0.449208
0.433364
0.422181
0.412861
0.398882
0.385834
0.386766
0.385834
0.364399
0.366263
0.362535
0.364399
0.367195
0.365331
0.361603
0.384902
0.366263
0.367195
0.376514
0.357875
0.366263
0.367195
0.357875
0.377446
0.389562
0.417521
0.418453
0.429637
0.397950
0.459459
0.464119
0.490214
0.510718
0.471575
0.538677
0.553588
0.547064
0.572227
0.581547
0.586207
0.577819
0.598322
0.607642
0.616962
0.618826
0.628145
0.651445
0.681267
0.677540
0.647717
0.671948
0.651445
0.711090
0.720410
0.731594
0.726934
0.753029
0.766076
0.702703
0.751165
0.816403
0.800559
0.803355
0.826654
0.851817
0.856477
0.800559
0.863001
0.888164
0.914259
0.904007
0.936626
0.924511
0.922647
0.936626
0.940354
0.964585
0.949674
0.961789
0.965517
0.956198
0.964585
0.973905
0.983225
0.979497
0.990680
0.935694
1.000000
1.000000
1.000000
1.000000
1.000000
1.000000
0.944082
1.000000
1.000000
0.986021
0.996272
0.992544
0.961789
0.968313
0.949674
0.938490
0.861137
0.920783
0.895620
0.892824
0.858341
0.855545
0.831314
0.814539
0.800559
0.786580
0.772600
0.755825
0.751165
0.655172
0.726002
0.705499
0.690587
0.680336
0.667288
0.655172
0.648649
0.642125
0.616030
0.608574
0.533085
0.585275
0.572227
0.552656
0.542404
0.527493
0.511650
0.488350
0.485555
0.470643
0.467847
0.444548
0.439888
0.419385
0.412861
0.400746
0.397018
0.384902
0.342964
0.363467
0.351351
0.342964
0.341100
0.326188
0.265610
0.316869
0.311277
0.295433
0.300093
0.295433
0.294501
0.293569
0.234856
0.293569
0.293569
0.292637
0.292637
0.287978
0.285182
0.281454
0.275862
0.243243
0.291705
0.285182
0.285182
0.317801
0.328984
0.331780
0.349487
0.383038
0.383038
0.403541
0.412861
0.423113
0.438024
0.449208
0.473439
0.489282
0.531221
0.532153
0.564772
0.579683
0.591799
0.613234
0.626281
0.637465
0.677540
0.602982
0.681267
0.705499
0.708295
0.729730
0.735322
0.741845
0.749301
0.766076
0.773532
0.784716
0.805219
0.795899
0.819198
0.835974
0.855545
0.877912
0.876980
0.892824
0.888164
0.900280
0.910531
0.909599
0.935694
0.945946
0.949674
0.949674
0.950606
0.871389
0.951538
0.958993
0.951538
0.962721
0.973905
0.979497
1.000000
1.000000
1.000000
1.000000
1.000000
1.000000
1.000000
1.000000
1.000000
1.000000
1.000000
1.000000
1.000000
1.000000
1.000000
1.000000
1.000000
1.000000
1.000000
1.000000
0.945946
1.000000
1.000000
1.000000
1.000000
1.000000
1.000000
1.000000
1.000000
1.000000
1.000000
1.000000
1.000000
1.000000
1.000000
1.000000
1.000000
1.000000
1.000000
1.000000
1.000000
1.000000
1.000000
1.000000
1.000000
1.000000
1.000000
1.000000
1.000000
1.000000
0.994408
0.979497
0.969245
0.975769
0.971109
0.965517
0.947810
0.937558
0.935694
0.927307
0.915191
0.904007
0.902144
0.899348
0.881640
0.899348
0.801491
0.879776
0.866729
0.863001
0.791240
0.829450
0.813607
0.807083
0.721342
0.777260
0.770736
0.780988
0.770736
0.770736
0.757689
0.745573
0.730662
0.717614
0.698975
0.694315
0.681267
0.680336
0.654240
0.651445
0.641193
0.628145
0.613234
0.600186
0.611370
0.521901
0.567568
0.557316
0.537745
0.532153
0.512582
0.501398
0.493942
0.477167
0.478099
0.467847
0.442684
0.413793
0.406337
0.391426
0.362535
0.354147
0.350419
0.340168
0.350419
0.347623
0.339236
0.347623
0.342964
0.290774
0.349487
0.287046
0.378378
0.402609
0.412861
0.442684
0.445480
0.481827
0.491146
0.491146
0.483691
0.486486
0.501398
0.516309
0.548928
0.515377
0.578751
0.592731
0.621622
0.616030
0.621622
0.649581
0.678472
0.710158
0.741845
0.754893
0.782852
0.807083
0.833178
0.872321
0.890028
0.904939
0.919851
0.938490
0.925443
0.865797
0.890028
0.965517
0.967381
0.981361
0.984157
1.000000
1.000000
0.943150
1.000000
0.961789
1.000000
1.000000
1.000000
1.000000
1.000000
1.000000
0.999068
1.000000
1.000000
1.000000
1.000000
1.000000
1.000000
1.000000
1.000000
1.000000
1.000000
1.000000
0.988816
0.982293
0.964585
0.967381
0.945946
0.931035
0.925443
0.913327
0.821062
0.895620
0.835974
0.876048
0.860205
0.850885
0.835042
0.825722
0.820130
0.805219
0.810811
0.800559
0.791240
0.768872
0.769804
0.765144
0.744641
0.736253
0.680336
0.703635
0.684063
0.678472
0.666356
0.666356
0.651445
0.633737
0.622554
0.616962
0.609506
0.592731
0.581547
0.575023
0.573159
0.502330
0.562908
0.536813
0.534949
0.517241
0.504194
0.486486
0.418453
0.464119
0.443616
0.427773
0.398882
0.420317
0.402609
0.328984
0.383038
0.382106
0.365331
0.377446
0.367195
0.383038
0.378378
0.361603
0.336440
0.366263
0.367195
0.377446
0.377446
0.323392
0.378378
0.379310
0.365331
0.383038
0.367195
0.421249
0.449208
0.467847
0.503262
0.522833
0.535881
0.560112
0.566636
0.603914
0.618826
0.631873
0.651445
0.671948
0.713886
0.730662
0.761417
0.770736
0.772600
0.800559
0.818267
0.838770
0.870457
0.880708
0.895620
0.855545
0.948742
0.950606
0.980429
0.984157
1.000000
1.000000
1.000000
1.000000
1.000000
1.000000
1.000000
1.000000
1.000000
1.000000
1.000000
1.000000
1.000000
1.000000
1.000000
1.000000
1.000000
1.000000
1.000000
1.000000
1.000000
1.000000
1.000000
1.000000
1.000000
1.000000
1.000000
1.000000
1.000000
0.909599
0.958993
0.951538
0.930103
0.919851
0.904939
0.885368
0.890028
0.868593
0.887232
0.890028
0.838770
0.890028
0.890028
0.900280
0.844362
0.821994
0.890028
0.885368
0.900280
0.815471
0.890028
0.890028
0.888164
0.879776
0.892824
0.876980
0.891892
0.894688
0.880708
0.889096
0.890028
0.888164
0.813607
0.904939
0.890028
0.875116
0.899348
0.889096
0.876048
0.890028
0.890028
0.866729
0.888164
0.885368
0.876980
0.827586
0.887232
0.890960
0.839702
0.869525
0.890028
0.889096
0.889096
0.816403
0.876980
0.890028
0.892824
0.887232
0.903076
0.890028
0.885368
0.811743
0.886300
0.884436
0.885368
0.889096
0.881640
0.904939
0.876980
0.888164
0.904007
0.919851
0.928239
0.946878
0.987884
0.995340
1.000000
1.000000
1.000000
1.000000
1.000000
1.000000
1.000000
1.000000
1.000000
1.000000
1.000000
1.000000
1.000000
1.000000
1.000000
1.000000
1.000000
1.000000
1.000000
1.000000
1.000000
1.000000
1.000000
1.000000
1.000000
1.000000
1.000000
1.000000
1.000000
1.000000
1.000000
1.000000
1.000000
1.000000
1.000000
1.000000
1.000000
1.000000
1.000000
1.000000
1.000000
1.000000
1.000000
1.000000
1.000000
1.000000
1.000000
1.000000
0.994408
0.951538
0.929171
0.895620
0.876048
0.860205
0.860205
0.860205
0.864865
0.859273
0.836906
0.836906
0.850885
0.851817
0.839702
0.842498
0.836906
0.835042
0.830382
0.830382
0.814539
0.794967
0.777260
0.729730
0.725070
0.710158
0.689655
0.681267
0.666356
0.657968
0.660764
0.650513
0.641193
0.622554
0.613234
0.589003
0.521901
0.561976
0.546132
0.532153
0.511650
0.505126
0.486486
0.485555
0.492078
0.478099
0.444548
0.461323
0.442684
0.439888
0.402609
0.396086
0.353215
0.328052
0.322460
0.282386
0.314073
0.306617
0.303821
0.312209
0.295433
0.310345
0.298229
0.263747
0.269338
0.267474
0.258155
0.200373
0.191985
0.219944
0.208760
0.226468
0.191053
0.174278
0.150979
0.121156
0.105312
0.085741
0.089469
0.076421
0.072693
0.054986
0.009320
0.039143
0.029823
0.018639
0.012116
0.005592
0.010252
0.000000
0.013048
0.000000
0.000000
0.000932
0.000000
0.000000
0.025163
0.054986
0.080149
0.068034
0.068034
0.074557
0.072693
0.067102
0.072693
0.029823
0.068034
0.071761
0.068966
0.075489
0.068034
0.065238
0.074557
0.074557
0.068966
0.071761
0.071761
0.030755
0.078285
0.074557
0.070829
0.069897
0.071761
0.055918
0.063374
0.060578
0.061510
0.058714
0.068966
0.064306
0.059646
0.070829
0.056850
0.021435
0.068966
0.066170
0.027959
0.074557
0.084809
0.080149
0.061510
0.069897
0.068034
0.078285
0.072693
0.075489
0.070829
0.072693
0.066170
0.075489
0.059646
0.084809
0.089469
0.110904
0.130475
0.144455
0.169618
0.180801
0.214352
0.233924
0.284250
0.296365
0.305685
0.283318
0.354147
0.367195
0.397018
0.419385
0.428705
0.472507
0.486486
0.501398
0.518173
0.518173
0.549860
0.568500
0.590867
0.608574
0.632805
0.645853
0.681267
0.628145
0.708295
0.681267
0.740913
0.753961
0.757689
0.759553
0.769804
0.764212
0.746505
0.751165
0.755825
0.746505
0.752097
0.757689
0.672880
0.739049
0.724138
0.715750
0.681267
0.685927
0.647717
0.647717
0.621622
0.616962
0.609506
0.603914
0.608574
0.601118
0.617894
0.591799
0.611370
0.593663
0.572227
0.571295
0.557316
0.547064
0.538677
0.521901
0.502330
0.503262
0.493942
0.478099
0.491146
0.503262
0.485555
0.492078
0.499534
0.502330
0.504194
0.481827
0.487418
0.448276
0.445480
0.448276
0.406337
0.417521
0.421249
0.403541
0.392358
0.382106
0.353215
0.344828
0.352283
0.331780
0.322460
0.308481
0.264678
0.268406
0.260019
0.243243
0.220876
0.204101
0.184529
0.190121
0.184529
0.188257
0.207829
0.187325
0.186393
0.194781
0.186393
0.187325
0.221808
0.220876
0.263747
0.293569
0.311277
0.339236
0.398882
0.393290
0.438024
0.455732
0.479031
0.511650
0.537745
0.520969
0.564772
0.597390
0.616962
0.639329
0.639329
0.679404
0.680336
0.695247
0.713886
0.723206
0.753961
0.769804
0.766076
0.805219
0.821994
0.815471
0.843430
0.858341
0.863933
0.877912
0.879776
0.880708
0.870457
0.869525
0.869525
0.895620
0.801491
0.863001
0.844362
0.831314
0.805219
0.791240
0.778192
0.751165
0.756757
0.727866
0.708295
0.695247
0.683131
0.605778
0.657968
0.628145
0.631873
0.561976
0.591799
0.553588
0.561044
0.542404
0.519105
0.501398
0.482759
0.480895
0.468779
0.442684
0.413793
0.400746
0.398882
0.397950
0.376514
0.355079
0.355079
0.340168
0.323392
0.308481
0.273998
0.283318
0.255359
0.234856
0.167754
0.182665
0.177074
0.132339
0.128611
0.100652
0.091333
0.073625
0.059646
0.003728
0.025163
0.011184
0.011184
0.000000
0.000000
0.000000
0.000000
0.000000
0.000000
0.000000
0.000000
0.000000
0.000000
0.000000
0.000000
0.000000
0.000000
0.000000
0.000000
0.000000
0.000000
0.000000
0.000000
0.000000
0.004660
0.048462
0.080149
0.095061
0.133271
0.127679
0.191985
0.215284
0.255359
0.268406
0.290774
0.311277
0.348555
0.326188
0.418453
0.427773
0.464119
0.487418
0.517241
0.532153
0.506990
0.534017
0.571295
0.602050
0.621622
0.642125
0.663560
0.684063
0.701771
0.732526
0.712954
0.740913
0.710158
0.727866
0.721342
0.726934
0.731594
0.726002
0.724138
0.728798
0.740913
0.712022
0.705499
0.698043
0.701771
0.681267
0.670084
0.648649
0.622554
0.621622
0.589935
0.538677
0.546132
0.493942
0.511650
0.518173
0.512582
0.515377
0.513514
0.507922
0.534017
0.575955
0.588071
0.608574
0.633737
0.641193
0.654240
0.671948
0.681267
0.711090
0.716682
0.726934
0.760485
0.711090
0.795899
0.795899
0.795899
0.794035
0.794967
0.774464
0.785648
0.774464
0.767940
0.720410
0.736253
0.725070
0.701771
0.669152
0.650513
0.635601
0.601118
0.577819
0.556384
0.580615
0.538677
0.521901
0.508854
0.501398
0.458528
0.502330
0.481827
0.500466
0.511650
0.531221
0.556384
0.571295
0.594595
0.572227
0.624418
0.651445
0.652377
0.685927
0.679404
0.719478
0.788444
0.753961
0.775396
0.784716
0.803355
0.805219
0.863001
0.870457
0.799627
0.876980
0.863001
0.800559
0.815471
0.810811
0.783784
0.770736
0.756757
0.711090
0.706431
0.669152
0.646785
0.621622
0.598322
0.557316
0.523765
0.502330
0.460391
0.451072
0.415657
0.399814
0.352283
0.350419
0.326188
0.305685
0.299161
0.293569
0.296365
0.303821
0.284250
0.315005
0.341100
0.382106
0.402609
0.426841
0.443616
0.454800
0.486486
0.512582
0.542404
0.547996
0.575023
0.543336
0.623486
0.641193
0.667288
0.704567
0.711090
0.738117
0.758621
0.802423
0.844362
0.890028
0.890960
0.908667
0.909599
0.904939
0.909599
0.917987
0.896552
0.906803
0.888164
0.889096
0.872321
0.854613
0.828518
0.800559
0.790308
0.775396
0.747437
0.744641
0.738117
0.643989
0.622554
0.615098
0.650513
0.637465
0.625349
0.561044
0.625349
0.635601
0.638397
0.626281
0.627213
0.640261
0.669152
0.628145
0.739981
0.728798
0.684995
0.777260
0.784716
0.844362
0.832246
0.860205
0.880708
0.890028
0.895620
0.903076
0.902144
0.912395
0.891892
0.898416
0.885368
0.871389
0.844362
0.838770
0.808015
0.798695
0.714818
0.757689
0.750233
0.705499
0.681267
0.635601
0.612302
0.591799
0.501398
0.590867
0.561044
0.566636
0.561044
0.557316
0.561976
0.573159
0.605778
0.645853
0.641193
0.686859
0.732526
0.752097
0.756757
0.776328
0.800559
0.829450
0.838770
0.838770
0.869525
0.876980
0.876980
0.806151
0.890028
0.887232
0.879776
0.844362
0.829450
0.759553
0.770736
0.751165
0.732526
0.724138
0.672880
0.619758
0.652377
0.626281
0.609506
0.601118
0.576887
0.542404
0.525629
0.497670
0.496738
0.463187
0.442684
0.386766
0.403541
0.362535
0.356011
0.337372
0.317801
0.310345
0.303821
0.304753
0.296365
0.297297
0.293569
0.276794
0.302889
0.328984
0.342032
0.367195
0.393290
0.410065
0.432432
0.456664
0.475303
0.503262
0.521901
0.542404
0.540541
0.579683
0.621622
0.627213
0.650513
0.669152
0.698975
0.725070
0.743709
0.764212
0.800559
0.827586
0.840634
0.860205
0.888164
0.872321
0.881640
0.890960
0.860205
0.889096
0.918919
0.915191
0.911463
0.901212
0.907735
0.904007
0.900280
0.904939
0.913327
0.916123
0.901212
0.915191
0.904939
0.851817
0.905871
0.901212
0.907735
0.910531
0.920783
0.922647
0.948742
0.947810
0.958993
0.941286
0.945014
0.944082
0.945014
0.945946
0.942218
0.937558
0.932898
0.895620
0.950606
0.964585
0.970177
0.974837
0.972973
0.973905
0.972973
0.919851
0.975769
0.979497
0.975769
0.970177
0.971109
0.972041
0.971109
0.970177
0.900280
0.964585
0.981361
0.964585
0.977633
0.949674
0.974837
0.973905
0.973905
0.972041
0.965517
0.964585
1.000000
0.979497
0.977633
0.979497
0.974837
0.976701
0.976701
0.969245
0.978565
0.971109
0.971109
0.904939
0.979497
0.970177
0.973905
0.972973
0.974837
0.974837
0.966449
0.971109
0.962721
0.977633
0.978565
0.908667
0.975769
0.971109
0.974837
0.979497
0.984157
1.000000
1.000000
1.000000
1.000000
1.000000
1.000000
1.000000
1.000000
1.000000
1.000000
1.000000
1.000000
1.000000
1.000000
1.000000
1.000000
1.000000
1.000000
1.000000
1.000000
1.000000
1.000000
1.000000
1.000000
1.000000
1.000000
1.000000
1.000000
1.000000
1.000000
1.000000
1.000000
1.000000
1.000000
1.000000
1.000000
1.000000
1.000000
1.000000
1.000000
1.000000
1.000000
1.000000
1.000000
1.000000
1.000000
1.000000
1.000000
1.000000
1.000000
1.000000
1.000000
1.000000
1.000000
1.000000
1.000000
1.000000
1.000000
1.000000
0.959925
1.000000
1.000000
1.000000
1.000000
1.000000
1.000000
1.000000
1.000000
1.000000
1.000000
1.000000
1.000000
1.000000
1.000000
1.000000
1.000000
1.000000
1.000000
0.974837
1.000000
1.000000
1.000000
1.000000
1.000000
1.000000
1.000000
1.000000
1.000000
1.000000
1.000000
1.000000
1.000000
1.000000
1.000000
0.959925
1.000000
1.000000
1.000000
1.000000
1.000000
1.000000
0.991612
1.000000
1.000000
1.000000
1.000000
1.000000
0.968313
1.000000
1.000000
1.000000
1.000000
1.000000
1.000000
1.000000
0.959925
1.000000
1.000000
1.000000
1.000000
1.000000
1.000000
1.000000
1.000000
1.000000
0.968313
1.000000
1.000000
1.000000
1.000000
0.955266
1.000000
1.000000
1.000000
1.000000
1.000000
1.000000
1.000000
1.000000
1.000000
1.000000
1.000000
0.952470
1.000000
1.000000
1.000000
1.000000
1.000000
0.979497
0.979497
1.000000
1.000000
1.000000
1.000000
1.000000
1.000000
0.968313
1.000000
1.000000
1.000000
1.000000
0.997204
0.997204
1.000000
1.000000
1.000000
1.000000
1.000000
0.997204
1.000000
1.000000
1.000000
1.000000
1.000000
1.000000
1.000000
1.000000
1.000000
1.000000
1.000000
1.000000
1.000000
1.000000
1.000000
1.000000
1.000000
1.000000
1.000000
1.000000
1.000000
0.991612
1.000000
1.000000
1.000000
1.000000
1.000000
1.000000
1.000000
1.000000
1.000000
1.000000
0.998136
1.000000
1.000000
1.000000
1.000000
1.000000
1.000000
1.000000
0.979497
ets Jul 29 2019 12:21:46

rst:0x1 (POWERON_RESET),boot:0x13 (SPI_FAST_FLASH_BOOT)
configsip: 0, SPIWP:0xee
clk_drv:0x00,q_drv:0x00,d_drv:0x00,cs0_drv:0x00,hd_drv:0x00,wp_drv:0x00
mode:DIO, clock div:1
load:0x3fff0030,len:1344
load:0x40078000,len:13964
load:0x40080400,len:3600
entry 0x400805f0
E (12551) ledc: ledc_get_duty(740): LEDC is not initialized
